  -5.2146470e+00   7.0879738e+00   6.7292474e+00
  -4.2176168e-01   8.4266375e+00   7.8960890e+00
  -6.1346009e+00   5.6864362e+00   6.0885666e+00
   6.2125694e+00   8.3078392e+00   2.3623355e+00
   6.3446033e+00   7.6649549e+00   5.3238637e-01
   9.8672787e-02   6.9921556e+00   7.8407769e+00
   2.2611384e+00   8.0887813e+00   7.2032630e+00
   6.3193225e+00   6.7708128e+00   1.7175010e+00
   3.0393906e+00   6.5895907e+00   6.7828673e+00
   5.1888411e+00   7.2839182e+00  -2.6246587e+00
  -2.5936844e+00   7.9696135e+00   7.7544951e+00
   7.5768509e-01   7.6981475e+00   7.7190399e+00
  -2.4939876e+00   7.8956249e+00   7.7741677e+00
  -6.3482915e+00   9.2358685e+00   5.9121669e+00
   5.8111582e+00   8.6611238e+00   3.6047593e+00
   5.0841883e+00   9.4158471e+00   4.8814738e+00
   3.2334003e+00   1.0133548e+01   6.6583284e+00
  -2.6717275e+00   5.8345006e+00   7.7381874e+00
  -5.5869620e+00   6.8010598e+00   6.4914429e+00
  -3.0003313e-01   7.4740448e+00   7.8863028e+00
   2.9591220e+00   8.9916900e+00   6.8319290e+00
  -6.1830608e+00   8.3133714e+00   6.0495710e+00
   4.8715364e+00   9.0883931e+00   5.1616364e+00
  -7.8514996e+00   8.0359053e+00   4.2511767e+00
   6.3141924e+00   6.7649874e+00   2.2008509e-01
   4.0377974e+00   7.1326149e+00   6.0391357e+00
   4.8666754e+00   7.2696691e+00   5.1677109e+00
   2.3899752e+00   6.9669407e+00  -4.6079300e+00
   6.0366995e+00   7.1965527e+00   3.0107034e+00
   3.4874508e+00   7.4634296e+00   6.4817159e+00
   5.1283154e+00   6.4593631e+00   4.8194889e+00
  -3.3123188e+00   8.5529660e+00   7.5736183e+00
   5.3812520e+00   7.8807989e+00   4.4334210e+00
  -2.2962129e+00   7.2146182e+00   7.8093711e+00
   4.9367405e+00   7.1422520e+00   5.0787959e+00
   6.3565118e+00   7.2659303e+00   7.4929844e-01
  -5.9899402e+00   7.6938857e+00   6.2016006e+00
  -3.3025925e-01   8.1978728e+00   7.8889110e+00
   6.3530762e+00   7.4526446e+00   1.3061263e+00
   7.3918015e-01   7.1475657e+00   7.7232720e+00
   2.8288804e+00   6.8629243e+00   6.9085944e+00
   4.8569099e+00   6.9871419e+00   5.1798727e+00
   5.6575841e+00   8.0353637e+00   3.9337244e+00
  -1.2397185e+00   8.6160245e+00   7.9128642e+00
  -5.2920726e+00   8.7275373e+00   6.6820227e+00
   4.6301702e+00   6.8443273e+00   5.4476826e+00
  -7.7764871e+00   6.0286156e+00   4.3573420e+00
   2.5421660e-01   8.8149371e+00   7.8173411e+00
  -5.2680339e+00   7.5356138e+00   6.6968068e+00
   5.3808755e+00   8.7189701e+00   4.4340396e+00
  -1.5233476e+00   8.2092472e+00   7.8989460e+00
   4.7386282e+00   8.5875205e+00  -3.1591716e+00
  -9.3429766e+00   7.7909227e+00  -2.5892648e+00
   3.8854185e+00   6.8941937e+00   6.1706866e+00
  -2.8981816e+00   3.9248217e+00   7.6863160e+00
  -6.8543354e+00   6.8544641e+00   5.4444599e+00
  -3.3699741e+00   7.4068660e+00   7.5560632e+00
   6.3504051e+00   6.1231954e+00   6.2154496e-01
   4.2339848e+00   6.9186377e+00   5.8583008e+00
   4.3229634e+00   6.9555154e+00   5.7716801e+00
  -2.3968458e-01   7.9463615e+00   7.8807422e+00
   1.5117822e+00   7.4189596e+00   7.5044289e+00
   2.0478129e+00   9.7152008e+00   7.2985966e+00
  -9.4523722e+00   8.3237335e+00  -3.0852037e-01
  -9.4539943e+00   6.8730904e+00  -3.3116534e-01
  -9.2532271e+00   6.8257970e+00  -3.0511442e+00
  -6.1024969e+00   8.0765187e+00   6.1140843e+00
   6.2587584e+00   7.5576624e+00   2.1296561e+00
   4.9548587e+00   8.2404203e+00  -2.9190760e+00
   6.0502661e+00   8.2097332e+00   2.9686633e+00
  -2.8417881e+00   6.6483037e+00   7.6998702e+00
   3.0241671e+00   7.9179241e+00   6.7922806e+00
   3.1140770e+00   8.1004383e+00   6.7359389e+00
   3.6321268e+00   6.3263996e+00   6.3737644e+00
  -6.9667396e+00   7.4204319e+00   5.3298741e+00
  -5.3061969e+00   7.4066853e+00   6.6732845e+00
   3.3540501e+00   4.5345225e+00   6.5764397e+00
  -1.3421286e+00   6.9248478e+00   7.9090077e+00
  -8.4408943e+00   8.4441343e+00   3.2765035e+00
   3.9537646e+00   5.7674622e+00   6.1125992e+00
  -3.5339120e-01   7.4645768e+00  -4.6226004e+00
  -5.6002829e+00   7.1987753e+00   6.4824199e+00
  -1.1386832e+00   6.9573022e+00  -4.3058374e+00
   1.2876201e+00   5.8858612e+00   7.5770235e+00
   3.1405249e+00   7.7199613e+00   6.7190193e+00
   4.4399214e+00   8.1206489e+00   5.6530912e+00
   5.8439084e+00   8.5674487e+00   3.5281242e+00
  -1.9998069e+00   7.1439204e+00   7.8527056e+00
  -6.9982826e+00   8.3203469e+00   5.2969487e+00
  -1.6416857e+00   8.0007559e+00   7.8901411e+00
  -6.3712238e-01   7.2553274e+00   7.9087457e+00
   3.5452769e+00   8.3702309e+00   6.4392367e+00
  -5.0578128e+00   8.1439128e+00   6.8214697e+00
  -1.7885403e+00   7.3254510e+00   7.8767553e+00
   3.2319709e+00   5.1340893e+00  -4.2755576e+00
   1.4417971e-02   9.1358574e+00   7.8521322e+00
  -1.0498895e+00   8.4355743e+00   7.9165176e+00
   5.2293703e+00   8.2103155e+00   4.6718933e+00
   2.9988307e+00   7.0191812e+00   6.8078340e+00
   5.8221853e+00   7.0446172e+00   3.5792464e+00
   3.5029876e+00   8.5294469e+00   6.4703884e+00
   3.5562944e+00   8.9446151e+00   6.4310433e+00
   2.7564470e-01   7.6260976e+00   7.8138595e+00
   6.3505812e+00   8.4832898e+00   6.2459636e-01
  -1.0298757e+00   9.0179506e+00   7.9166379e+00
  -1.2364916e+00   8.5010617e+00   7.9129642e+00
   6.2145903e+00   8.3180621e+00   2.3530057e+00
   2.3579084e+00   5.8849502e+00   7.1573493e+00
   4.6579609e+00   8.8772477e+00   5.4162772e+00
  -3.9665369e+00   6.8001905e+00   7.3466428e+00
   1.6554273e+00   7.6193261e+00   7.4538224e+00
  -3.2617495e+00   7.1494492e+00   7.5886363e+00
   5.8167124e+00   7.4143491e+00  -1.5573479e+00
   1.0325104e+00   5.8103820e+00   7.6504723e+00
   6.2941994e+00   6.5639242e+00   7.1913714e-02
   1.1205486e+00   7.4156231e+00   7.6262079e+00
   5.8581832e+00   8.2798602e+00   3.4938803e+00
  -2.2679185e+00   8.6990309e+00   7.8139942e+00
   6.1410223e+00   6.6506488e+00   2.6583691e+00
   2.0427987e+00   7.6610149e+00   7.3007423e+00
   1.5720042e+00   8.5570562e+00   7.4836071e+00
   4.0028592e+00   7.4019752e+00   6.0699587e+00
  -8.9025724e+00   8.1935788e+00   2.2349281e+00
  -6.7575953e+00   6.4956656e+00   5.5397747e+00
   5.8141735e+00   6.9477599e+00   3.5978116e+00
   3.9287292e+00   8.6693347e+00  -3.8587155e+00
   2.7463367e+00   5.5516669e+00  -4.4879228e+00
   6.2229025e+00   7.0984007e+00   2.3139192e+00
   3.2960034e+00   7.5639587e+00  -4.2430618e+00
   4.0941514e+00   5.5131910e+00   5.9885614e+00
  -2.3838019e+00   8.4956192e+00   7.7944052e+00
  -8.1192919e+00   7.7260851e+00   3.8427275e+00
  -1.7213025e+00   8.3851607e+00   7.8832224e+00
   5.8402374e+00   7.2482653e+00   3.5368458e+00
   6.0452809e+00   8.4296260e+00  -9.7461909e-01
  -6.6455815e+00   7.5119947e+00   5.6465043e+00
   3.6760102e+00   6.4624697e+00   6.3398992e+00
  -6.5240166e+00   6.6104620e+00  -7.9839164e+00
   3.0222845e+00   8.3779859e+00   6.7934410e+00
   5.5353132e+00   8.1501690e+00   4.1670333e+00
   5.4175646e+00   7.6071571e+00   4.3730572e+00
  -7.9039875e+00   7.4828333e+00   4.1748775e+00
   5.8866836e+00   7.3127547e+00   3.4238705e+00
   2.7568206e-01   6.8658240e+00   7.8138534e+00
  -9.0159284e+00   8.8914240e+00  -3.9319734e+00
  -1.9644926e+00   8.1838045e+00   7.8571203e+00
   8.6887671e-01   6.1228946e+00   7.6925944e+00
  -6.5016099e+00   5.9245740e+00   5.7782417e+00
  -4.4459261e+00   8.4311456e+00   7.1398401e+00
   3.6305625e+00   7.5602697e+00   6.3749618e+00
  -7.2495943e-01   7.1324821e+00   7.9122090e+00
   3.9848123e+00   8.0295549e+00   6.0857235e+00
   3.1123383e+00   5.6200744e+00   6.7370456e+00
   6.1587338e+00   7.2838315e+00   2.5903921e+00
   3.5057553e+00   8.1240957e+00   6.4683640e+00
   3.9014592e+00   5.4209802e+00   6.1571846e+00
  -3.6508685e+00   7.6289078e+00   7.4638489e+00
   3.7779937e+00   7.3524832e+00   6.2590974e+00
   2.9047956e+00   6.1574117e+00   6.8643441e+00
  -7.6075825e+00   6.2222483e+00   4.5849277e+00
  -4.8927772e+00   9.2972935e+00   6.9136918e+00
   6.3610030e+00   6.4356831e+00   9.9153585e-01
  -8.7970811e+00   8.1794970e+00  -4.5446065e+00
  -8.7966291e+00   8.2258054e+00   2.5076474e+00
   6.3591295e+00   9.0446842e+00   1.1427012e+00
   1.1932830e+00   6.6369037e+00   7.6053043e+00
  -7.4752263e-01   6.6694827e+00   7.9129403e+00
   1.9971395e+00   5.5311885e+00   7.3200834e+00
  -3.5266127e-01   6.2220556e+00   7.8907680e+00
   5.8495213e+00   6.9995738e+00   3.5147224e+00
  -1.1042697e+00   7.8832007e+00   7.9159353e+00
   2.8620746e+00   8.0447234e+00   6.8893944e+00
  -2.9529224e+00   6.9232787e+00   7.6727522e+00
  -4.7351569e+00   6.9557308e+00   6.9973068e+00
  -1.8189937e-01   6.1314451e+00   7.8749754e+00
   1.4189462e+00   8.2965760e+00   7.5354252e+00
  -8.3857294e+00   8.2035272e+00   3.3807245e+00
   4.2423579e-01   7.7395015e+00   7.7880164e+00
   1.5424111e+00   8.5811422e+00   7.4939097e+00
   3.1484277e+00   7.6715582e+00   6.7139327e+00
  -8.1593298e+00   9.5836734e+00   3.7772210e+00
   5.3518373e+00   7.8651848e+00   4.4813181e+00
   3.0045704e-01   9.0283262e+00   7.8097511e+00
  -7.0526134e+00   8.7275471e+00   5.2394191e+00
   5.8233576e+00   1.0398561e+01  -1.5426576e+00
   6.3465981e+00   4.9260787e+00   1.4168688e+00
  -1.3208441e+00   6.4750453e+00   7.9099179e+00
  -2.2611256e+00   9.0825998e+00   7.8150887e+00
   1.8955672e+00   9.2007000e+00   7.3618462e+00
  -1.5841077e+00   7.2551554e+00   7.8946458e+00
   5.6449955e+00   4.1437544e+00  -1.9048978e+00
   4.9663732e+00   7.1290212e+00   5.0402862e+00
   6.3461463e+00   8.8911491e+00   1.4235435e+00
   5.9426551e+00   7.2929934e+00   3.2793455e+00
   5.2245757e+00   9.1705740e+00  -2.5759906e+00
   7.1195082e-01   8.6801314e+00   7.7294121e+00
   4.3714927e+00   6.6130965e+00   5.7231449e+00
  -2.3219621e+00   5.9220162e+00   7.8050742e+00
   5.0392637e+00   8.4454354e+00  -2.8174154e+00
   6.2660697e+00   8.6019824e+00   2.0882171e+00
  -3.5986508e+00   7.1439807e+00   7.4818397e+00
  -6.6814842e-01   5.6075631e+00   7.9100811e+00
   6.2450009e+00   7.9905744e+00  -2.1536311e-01
  -3.1849333e+00   8.2017569e+00   7.6107742e+00
  -7.7447186e+00   7.2064440e+00  -6.5213061e+00
  -3.8502596e+00   6.9131745e+00   7.3915203e+00
  -4.0290398e+00   6.2732643e+00   7.3216844e+00
   4.2527084e+00   1.0519454e+01   5.8403220e+00
  -9.4664893e+00   9.1092560e+00  -5.4246828e-01
   6.1179719e+00   7.5955963e+00   2.7427088e+00
  -9.1735486e+00   7.4845290e+00   1.3748989e+00
  -2.2493633e-02   6.1725254e+00   7.8568124e+00
  -5.7600213e+00   6.9912148e+00   6.3713138e+00
   6.2446172e+00   6.5205021e+00  -2.1732316e-01
   1.6073933e+00   6.1677280e+00   7.4711063e+00
   6.0448197e+00   8.2614417e+00   2.9856551e+00
   2.2443405e+00   8.1822707e+00   7.2110609e+00
   4.5575600e+00   7.2040566e+00   5.5280051e+00
  -8.0862301e+00   6.9754727e+00   3.8958837e+00
  -2.1218606e+00   7.0795264e+00   7.8362232e+00
  -7.6911089e+00   6.8490685e+00  -6.5986556e+00
  -6.8204489e+00   7.7110090e+00   5.4781868e+00
   1.8410913e-01   8.4277478e+00   7.8283029e+00
   1.9076408e+00   7.3390917e+00   7.3569725e+00
   3.4249410e+00   7.7095569e+00  -4.1742529e+00
  -6.1535442e+00   7.2487131e+00   6.0733918e+00
   3.5247895e+00   7.6068864e+00   6.4543871e+00
   3.5393936e+00   7.4095116e+00   6.4435988e+00
   5.4816038e-01   9.0202870e+00   7.7641710e+00
   2.5339256e+00   7.2350645e+00   7.0694055e+00
  -2.4196151e+00   7.4396276e+00   7.7880003e+00
   1.0277631e-01   7.5426367e+00  -4.7329847e+00
   6.2912730e+00   6.9335792e+00   1.9312870e+00
   4.8551268e+00   6.2895251e+00   5.1820873e+00
  -6.7656393e+00   5.5358201e+00   5.5319621e+00
  -1.1004028e+00   6.3509644e+00   7.9159890e+00
  -9.4737598e+00   7.6999583e+00  -1.2534864e+00
   5.6802544e+00   7.9025867e+00  -1.8380435e+00
  -3.3585601e-01   6.9521935e+00   7.8893810e+00
   4.5751609e+00   7.3710577e+00   5.5087601e+00
   2.5052405e+00   1.0157312e+01  -4.5722798e+00
   3.6997719e-01   8.3311592e+00   7.7977987e+00
  -8.4530162e+00   5.9515228e+00   3.2531512e+00
   5.8053359e+00   9.1827542e+00   3.6181152e+00
   1.7300728e+00   9.6623408e+00   7.4262335e+00
   4.9975302e+00   6.3705769e+00   4.9991912e+00
  -3.2490810e+00   7.5021061e+00   7.5923432e+00
  -9.4772451e+00   7.1153969e+00  -1.0250544e+00
   5.7507609e+00   5.5476683e+00  -1.6977168e+00
  -2.6055910e+00   6.9608131e+00   7.7520588e+00
   5.7866605e+00   7.8111046e+00   3.6604353e+00
  -7.2481535e+00   6.9702213e+00   5.0233693e+00
  -9.4772414e+00   7.0676431e+00  -9.6288070e-01
   4.2869325e+00   7.7179184e+00   5.8071192e+00
   2.1319107e+00   7.6755622e+00  -4.6771026e+00
   5.8666036e+00   6.5044994e+00   3.4734285e+00
  -9.3217254e+00   8.2478402e+00   7.1018223e-01
   4.5228536e+00   8.8316822e+00   5.5655417e+00
   1.8244027e+00   8.1712499e+00   7.3900831e+00
   3.8953284e+00   7.3118823e+00   6.1623545e+00
   5.0079926e-01   7.8410066e+00   7.7735319e+00
   6.3605526e+00   6.1343796e+00   1.0639682e+00
  -1.2437596e+00   9.3916546e+00   7.9127370e+00
  -3.3727216e+00   6.9328125e+00   7.5552151e+00
   6.3575608e+00   7.4538396e+00   7.7900404e-01
   2.5877716e+00   6.1912033e+00   7.0413296e+00
   4.0609816e+00   8.7912391e+00   6.0184588e+00
   5.6020125e+00   8.0814333e+00   4.0424794e+00
  -9.0770682e+00   6.7406552e+00  -3.7338527e+00
   3.9813275e+00   9.9299233e+00   6.0887555e+00
   5.9200374e+00   6.5081517e+00   3.3389439e+00
  -3.2769553e+00   9.3280787e+00   7.5841577e+00
   6.0032960e+00   7.7806984e+00   3.1103874e+00
   6.3595113e+00   8.7117385e+00   8.5039103e-01
  -4.8663015e+00   8.3566915e+00   6.9280375e+00
  -6.9163985e+00   7.0795792e+00   5.3817151e+00
  -1.0230741e-01   7.9765922e+00   7.8663214e+00
   3.9799455e+00   7.8172203e+00   6.0899568e+00
   4.2119405e+00   6.5750305e+00   5.8793020e+00
   5.8874513e+00   6.0151538e+00   3.4219533e+00
  -7.3391288e-01   7.8783410e+00   7.9125069e+00
  -3.1253292e+00   6.6971932e+00   7.6273944e+00
  -6.9224196e+00   8.0859114e+00   5.3755598e+00
   3.2864788e+00   7.0296600e+00  -4.2479649e+00
   3.6878609e+00   7.2610337e+00  -4.0192848e+00
   5.6816395e+00   7.8835372e+00   3.8851071e+00
   1.2636600e+00   8.4813156e+00   7.5843323e+00
   6.3478923e+00   5.8471225e+00   5.8050631e-01
   5.2626821e+00   6.9081785e+00   4.6213960e+00
  -3.7825963e+00   7.8207114e+00   7.4167150e+00
   6.1696716e-02   9.2409422e+00   7.8458756e+00
   5.7292884e+00   8.7073592e+00   3.7858095e+00
   5.1667417e+00   7.6901812e+00   4.7643202e+00
  -9.1667226e-02   7.6943319e+00   7.8651019e+00
  -8.4767488e+00   7.4342486e+00  -5.2691193e+00
  -5.7189100e+00   8.2612785e+00   6.4004279e+00
  -4.2014750e+00   7.4399522e+00   7.2497501e+00
   2.5005456e-01   6.4966134e+00   7.8180102e+00
   6.3039373e+00   6.9581603e+00   1.8414693e+00
   6.3584809e+00   7.4034986e+00   8.0908769e-01
   5.6172847e+00   4.8202024e+00  -1.9560227e+00
   6.2244974e+00   6.1376254e+00  -3.1575467e-01
  -4.8684219e+00   6.9891134e+00   6.9268931e+00
   2.8725505e+00   7.6632625e+00   6.8832872e+00
   4.2773637e-01   6.1870426e+00   7.7873716e+00
   5.1708189e+00   6.0407856e+00   4.7583992e+00
   6.2471202e+00   9.0796649e+00   2.1926289e+00
   3.6474242e+00   6.8893245e+00   6.3620198e+00
   4.3010855e+00   5.5407038e+00   5.7932584e+00
   2.1412431e+00   9.0514783e+00   7.2578235e+00
   3.4588499e+00   7.5660128e+00   6.5024048e+00
   3.9557351e+00   7.9602010e+00   6.1109027e+00
  -4.9088487e+00   7.5894879e+00   6.9049237e+00
   2.0834863e+00   7.4606334e+00   7.2832067e+00
   5.3919518e+00   7.9963697e+00   4.4157788e+00
   6.3464830e+00   6.6351419e+00   5.5921908e-01
  -4.2570173e+00   8.5598074e+00   7.2256036e+00
  -2.0377544e+00   6.9634931e+00   7.8477847e+00
   1.2387383e+00   6.3482533e+00  -4.8075435e+00
   2.1928586e+00   7.6605609e+00   7.2346465e+00
   4.8353621e+00   7.3321496e+00   5.2065140e+00
   6.4842184e-01   8.6615337e+00   7.7433354e+00
  -1.5210026e+00   6.1654604e+00   7.8991026e+00
   6.0833124e+00   6.8442831e+00   2.8620101e+00
   4.7350222e+00   8.0634654e+00   5.3271860e+00
   4.6361241e+00   8.0315708e+00  -3.2638511e+00
   1.4109271e+00   7.9796880e+00   7.5380405e+00
   5.7384764e+00   6.9184460e+00   3.7661769e+00
  -6.3755692e+00   6.9608238e+00   5.8888029e+00
  -1.1702368e+00   8.4809654e+00   7.9147284e+00
   6.3204905e+00   8.6258860e+00   2.7328113e-01
   6.2514381e+00   9.2177438e+00  -1.8196487e-01
  -2.2341170e+00   8.1706397e+00   7.8193820e+00
   4.9448957e+00   6.3491656e+00  -2.9307635e+00
   2.2978602e+00   7.1842300e+00   7.1860396e+00
   6.0708338e+00   7.6947184e+00   2.9030314e+00
  -9.2744628e+00   8.4147272e+00  -2.9520002e+00
   3.2175120e+00   6.9336623e+00   6.6688533e+00
  -6.1027360e+00   7.7514505e+00   6.1138952e+00
   5.7724269e+00   6.7528881e+00   3.6921745e+00
   5.7913233e+00   7.4818628e+00   3.6499420e+00
   5.5687954e+00   7.0886014e+00   4.1052804e+00
   5.7782956e-01   7.8322618e+00   7.7581499e+00
   4.1442035e+00   5.9260288e+00  -3.6984744e+00
   6.1297680e+00   6.8298836e+00  -6.9953952e-01
  -3.2971928e+00   8.0242196e+00   7.5781475e+00
   6.3580195e+00   7.6203472e+00   7.9341565e-01
   3.9022360e+00   6.6841257e+00   6.1565286e+00
   4.2247808e+00   7.7296011e+00   5.8670910e+00
  -1.2700742e+00   7.7137909e+00   7.9118588e+00
   6.3595617e+00   7.7211992e+00   1.1237077e+00
  -2.7089904e+00   7.7859759e+00   7.7301187e+00
   6.3491308e+00   8.4073774e+00   6.0018479e-01
   6.0211410e+00   7.2527587e+00  -1.0455751e+00
   3.1476316e+00   7.2377558e+00   6.7144457e+00
   5.4002819e+00   6.4201528e+00   4.4019610e+00
   6.3541562e+00   8.1341265e+00   1.2836591e+00
   8.0340793e-01   6.1968233e+00   7.7083767e+00
   5.4022179e+00   6.1842630e+00   4.3987391e+00
  -5.2338592e+00   9.1409459e+00   6.7176353e+00
   4.0113028e+00   7.4699471e+00   6.0625464e+00
  -1.9629444e+00   7.5242121e+00   7.8573102e+00
  -9.3468227e+00   6.7470596e+00   5.6810762e-01
   4.2666891e+00   7.5639273e+00  -3.5997492e+00
   6.2844768e+00   7.9348046e+00   8.1495812e-03
  -7.0895196e+00   8.8790710e+00   5.1997374e+00
   6.3166115e+00   8.1149702e+00   2.4005934e-01
   3.0480437e+00   7.6326659e+00   6.7774939e+00
   9.1011973e-01   7.4938261e+00   7.6823395e+00
  -3.9179334e+00   8.6833222e+00   7.3656460e+00
   5.4349553e+00   7.9946320e+00  -2.2655360e+00
   4.2333299e+00   8.0353060e+00   5.8589273e+00
   6.1188303e+00   7.0080039e+00   2.7396445e+00
   3.5371608e-01   6.7381179e+00   7.8006528e+00
   3.5853980e+00   7.1098434e+00   6.4092440e+00
  -5.5127830e-01   7.4568533e+00   7.9044114e+00
  -3.3260255e+00   4.3930350e+00   7.5694867e+00
   2.0856284e+00   8.4747645e+00   7.2822756e+00
   6.1058297e+00   9.4098017e+00   2.7854600e+00
  -6.2296166e+00   7.2200788e+00   6.0115589e+00
   5.2477646e+00   8.1360571e+00  -2.5438256e+00
  -5.7449893e-01   7.3087403e+00   7.9056766e+00
  -7.2995652e-01   8.4092359e+00   7.9123765e+00
  -3.4580162e-01   8.5162308e+00   7.8902063e+00
   2.5693647e+00   7.9754446e+00   7.0509900e+00
   4.6317013e+00   7.9085450e+00   5.4459620e+00
   2.9275778e+00   8.9514551e+00   6.8508274e+00
   6.1438346e+00   6.2428154e+00   2.6477702e+00
   2.0832949e+00   7.1101728e+00   7.2832898e+00
  -3.8815600e+00   7.7925306e+00   7.3796373e+00
   6.0243192e+00   9.1914475e+00   3.0482598e+00
  -6.3973273e+00   7.9013289e+00   5.8700246e+00
   4.6478519e+00   8.5784698e+00   5.4277444e+00
   4.9647734e+00   9.0600968e+00  -2.9073811e+00
   4.1244303e+00   7.3135210e+00   5.9609411e+00
  -8.0723319e+00   6.3836792e+00   3.9179832e+00
  -9.2654600e+00   7.4680982e+00  -2.9946530e+00
   4.1678694e+00   9.5603582e+00   5.9207575e+00
  -6.4579337e+00   8.4057873e+00   5.8170455e+00
   6.2459274e+00   8.1135747e+00   2.1988941e+00
   2.2004330e+00   1.4164363e+01   7.2312059e+00
   6.2775321e+00   1.4095384e+01   2.0198496e+00
  -4.2205538e+00   1.3524413e+01   7.2415099e+00
  -1.3180652e+00   1.2418892e+01   7.9100326e+00
  -8.1494775e+00   1.3914129e+01  -5.8809967e+00
  -3.8872672e+00   1.2666497e+01   7.3774550e+00
   1.4826247e-01   1.2069997e+01   7.8336546e+00
   5.0946196e+00   8.7011433e+00   4.8669497e+00
   3.9497621e+00   1.1800855e+01   6.1160414e+00
   1.5110882e+00   1.2142680e+01   7.5046656e+00
   6.2768266e+00   9.8789117e+00   2.0241899e+00
   6.3551925e+00   1.2665769e+01   1.2603670e+00
   5.0176002e+00   1.1788278e+01   4.9723830e+00
  -7.3608849e+00   1.3129024e+01   4.8919733e+00
  -5.6224753e+00   1.4109412e+01   6.4673060e+00
  -4.1587215e+00   1.3220162e+01   7.2680107e+00
   2.2840934e+00   1.2306755e+01   7.1925250e+00
  -3.6447746e+00   1.0761219e+01   7.4659686e+00
  -7.6572539e+00   1.1230894e+01   4.5195677e+00
  -2.5862980e-01   1.1401916e+01   7.8825386e+00
  -3.5025700e-01   1.4186523e+01   7.8905718e+00
  -9.1232182e+00   1.1672188e+01  -3.5734625e+00
  -2.9499554e+00   1.2359559e+01   7.6734976e+00
   6.1748551e+00   1.2262373e+01   2.5257849e+00
   3.0442622e+00   1.3392558e+01   6.7798441e+00
   2.2205147e+00   1.2822477e+01   7.2220348e+00
   2.1950969e+00   1.1007434e+01   7.2336309e+00
   1.0082285e-01   1.3814423e+01   7.8404748e+00
   5.3735988e+00   1.0806169e+01  -2.3606482e+00
  -1.6045129e+00   1.3561378e+01   7.8930973e+00
   3.8671026e+00   1.2184161e+01   6.1860070e+00
   3.6985793e+00   1.2144320e+01   6.3222730e+00
   4.5139790e+00   1.2038316e+01   5.5750535e+00
   4.2272475e+00   1.4107116e+01   5.8647383e+00
   1.1200927e+00   1.3679655e+01   7.6263365e+00
   6.1887555e+00   1.1989198e+01  -4.7342249e-01
   3.4380854e+00   1.2280810e+01   6.5172936e+00
   6.1127195e+00   1.0956084e+01   2.7613359e+00
  -3.1878309e+00   1.1986597e+01   7.6099539e+00
   3.9337836e+00   1.3348806e+01   6.1297327e+00
   1.8242371e-01   1.2800039e+01   7.8285584e+00
   2.0480570e+00   1.1698212e+01   7.2984920e+00
   3.9282957e+00   1.3008112e+01   6.1344164e+00
  -2.3082607e+00   1.1020246e+01   7.8073713e+00
  -6.0453832e+00   1.2809784e+01   6.1588673e+00
   6.1553089e+00   1.2219690e+01  -6.0593101e-01
   2.4043476e-01   1.0818987e+01   7.8195478e+00
   6.1084423e+00   1.1364076e+01   2.7763527e+00
   4.5453509e+00   1.2861107e+01   5.5412717e+00
   2.3548510e-01   1.2115360e+01   7.8203342e+00
  -8.6671148e+00   1.2855218e+01   2.8100037e+00
   2.8474108e-01   1.3335377e+01   7.8123629e+00
   3.8877764e+00   1.3376884e+01  -3.8873468e+00
  -8.8875022e+00   1.3046304e+01  -4.3067404e+00
   2.1369394e+00   1.2566704e+01   7.2597349e+00
   4.5287273e+00   1.3555790e+01   5.5592270e+00
  -2.4381469e+00   1.1251261e+01   7.7846207e+00
  -8.4586525e+00   1.1071519e+01   3.2422360e+00
   2.8060733e+00   1.3502271e+01   6.9216538e+00
  -7.7257076e+00   1.2797749e+01   4.4273790e+00
  -3.5245427e-03   1.1421310e+01   7.8544296e+00
   6.3589815e+00   1.2445085e+01   1.1486884e+00
   4.5856202e+00   1.3790860e+01   5.4972562e+00
   3.1438106e+00   1.1802578e+01   6.7169062e+00
  -4.1335303e+00   1.2826963e+01   7.2786383e+00
  -2.4395991e+00   1.1199172e+01   7.7843540e+00
   4.2179283e+00   1.2501718e+01   5.8736152e+00
   2.0499504e+00   1.1928073e+01   7.2976806e+00
   2.9498439e+00   1.1699537e+01   6.8375098e+00
   2.4565706e+00   1.1932754e+01   7.1087698e+00
   4.0297587e+00   1.2196578e+01   6.0462632e+00
  -2.1908095e+00   1.1503567e+01   7.8260706e+00
  -6.4593635e+00   1.2207927e+01   5.8157836e+00
   4.5364506e+00   1.1906068e+01   5.5509004e+00
  -3.5894411e+00   1.1646578e+01   7.4849722e+00
   5.5467911e+00   1.0098034e+01  -2.0809091e+00
  -5.4053884e+00   1.3270638e+01   6.6108296e+00
   1.0612601e+00   1.0977444e+01   7.6426728e+00
   6.2902748e+00   1.1654097e+01   1.9380023e+00
  -4.2303229e+00   1.2889407e+01   7.2372687e+00
   6.2039047e+00   1.2010467e+01  -4.0892186e-01
   4.7726150e+00   1.2709266e+01   5.2826135e+00
  -1.4312526e+00   1.1690071e+01   7.9045764e+00
   2.5804609e+00   1.1803336e+01   7.0451743e+00
  -8.5942754e+00   1.0839684e+01   2.9678095e+00
   5.8711239e+00   1.3221555e+01   3.4623702e+00
   2.1531237e+00   1.3809412e+01   7.2525302e+00
   6.3592634e+00   1.1244083e+01   8.3940012e-01
   4.4297570e+00   1.2805778e+01  -3.4589443e+00
  -8.2055537e-01   1.2311015e+01   7.9148644e+00
   5.8476317e+00   1.3556211e+01   3.5192432e+00
   5.3143518e+00   1.3779052e+01  -2.4487798e+00
   1.9459854e+00   1.1703117e+01   7.3413325e+00
  -4.6702871e+00   1.3355747e+01   7.0304849e+00
   5.1350277e+00   1.1670193e+01   4.8099335e+00
  -9.3115093e+00   1.3428087e+01  -2.7653522e+00
   3.5665442e+00   1.1807070e+01   6.4233919e+00
  -3.6997403e+00   1.2688370e+01   7.4466554e+00
   1.2322203e+00   1.1272387e+01   7.5937923e+00
  -9.1917002e+00   1.0931599e+01   1.3044633e+00
   3.9555317e+00   1.0072039e+01   6.1110778e+00
   1.4183554e+00   1.1334162e+01   7.5356182e+00
  -3.6437680e+00   1.2687898e+01   7.4663183e+00
  -7.6847144e+00   1.2596101e+01   4.4828857e+00
   5.8339694e+00   1.3917750e+01   3.5516591e+00
   6.3087246e+00   1.2920192e+01   1.8049258e+00
  -1.9405172e+00   1.3537663e+01   7.8600271e+00
   1.5300545e+00   1.2863642e+01   7.4981710e+00
   5.8869353e+00   1.0905312e+01  -1.3964056e+00
   5.0052072e+00   1.2428249e+01  -2.8590147e+00
   3.9030896e+00   1.0956713e+01   6.1558077e+00
  -6.4205385e+00   1.1382701e+01   5.8498523e+00
   1.2160959e+00   1.3316237e+01   7.5985869e+00
   8.7520898e-01   1.3006677e+01   7.6910356e+00
  -1.9976796e+00   1.3429089e+01   7.8529760e+00
  -1.9734484e+00   1.2520848e+01   7.8560157e+00
  -3.4255930e+00   1.1960627e+01   7.5386887e+00
   6.2689105e+00   1.2903694e+01  -8.5811008e-02
   5.9909167e+00   1.2857821e+01   3.1460609e+00
   1.0122052e+00   1.0830698e+01   7.6559086e+00
  -1.8465373e+00   1.2420164e+01   7.8707171e+00
   6.1833383e+00   1.3237705e+01   2.4906256e+00
   5.4489227e+00   1.4035248e+01   4.3197789e+00
   5.9959650e+00   1.3767690e+01   3.1315916e+00
   6.2748318e+00   1.4495142e+01  -5.1111502e-02
   6.3591639e+00   1.2723624e+01   8.3521051e-01
  -7.5934928e+00   1.1184679e+01   4.6032401e+00
   3.0833098e+00   1.2681520e+01   6.7554224e+00
   2.6001263e-01   1.1221469e+01   7.8164054e+00
   3.4363601e-01   1.0990475e+01   7.8024042e+00
   6.2776825e+00   1.2464771e+01   2.0189219e+00
  -3.0667838e+00   1.2482497e+01   7.6432481e+00
   5.7813306e+00   1.2400478e+01   3.6723715e+00
  -3.6212417e+00   1.3068836e+01   7.4741044e+00
  -1.9316957e+00   1.3049244e+01   7.8610782e+00
   8.3735066e-01   1.2632811e+01   7.7002700e+00
   1.9671228e+00   1.1270134e+01   7.3326057e+00
  -9.3943879e+00   1.4145462e+01   2.5344598e-01
  -2.5341203e+00   1.3438985e+01   7.7664046e+00
   2.2725403e-01   1.1350399e+01   7.8216346e+00
   5.0285034e+00   1.5122921e+01   4.9577064e+00
  -9.4865458e-01   1.4875576e+01   7.9166074e+00
   3.9868157e+00   1.2556429e+01   6.0839787e+00
   2.5146640e+00   1.1912112e+01  -4.5692331e+00
   5.7084572e+00   1.1516965e+01   3.8297284e+00
   1.4223486e+00   1.1121027e+01   7.5343126e+00
   2.7361215e+00   1.2413041e+01   6.9610429e+00
   6.3512527e+00   1.1739322e+01   1.3408293e+00
   3.0798894e+00   1.1625464e+01   6.7575752e+00
  -2.0892288e+00   1.2031501e+01   7.8408161e+00
  -2.1933041e+00   1.2123252e+01   7.8256919e+00
   1.8897086e+00   1.0868271e+01   7.3642025e+00
  -3.2063945e+00   1.1656659e+01   7.6046709e+00
   6.1480475e+00   1.4577196e+01   2.6317587e+00
  -4.7577548e+00   1.4360336e+01   6.9855814e+00
   6.3132492e+00   1.2424539e+01   2.1243968e-01
  -5.7925915e+00   9.9898410e+00   6.3479882e+00
   2.1637111e+00   1.0312711e+01   7.2477922e+00
   6.2589806e+00   1.3025250e+01   2.1284194e+00
  -9.1956305e+00   1.1647591e+01   1.2889027e+00
   2.2102459e+00   1.2189040e+01   7.2267334e+00
  -5.0035312e+00   1.4103574e+01   6.8523398e+00
   5.5509036e+00   1.3159012e+01  -2.0738159e+00
   5.8441438e+00   1.3173195e+01   3.5275637e+00
  -5.9418233e+00   1.1730335e+01   6.2381069e+00
  -1.0761833e+00   1.3556973e+01   7.9162826e+00
  -9.4173593e+00   1.2726085e+01  -2.0608618e+00
   6.0166217e-01   1.3071128e+01   7.7532254e+00
   6.3284466e+00   1.1973070e+01   1.6327601e+00
   6.2413371e+00   1.3075520e+01   2.2227021e+00
  -6.9168085e+00   1.3412766e+01   5.3812964e+00
   5.7738889e+00   1.2341480e+01  -1.6495688e+00
  -1.9177182e+00   1.3168649e+01   7.8627234e+00
   6.2615724e+00   1.1640070e+01   2.1138906e+00
   5.7142049e+00   1.3660235e+01   3.8176912e+00
   4.9342976e+00   1.2570212e+01   5.0819461e+00
   3.2934895e+00   1.1983398e+01   6.6179824e+00
   2.2739334e+00   1.1513960e+01   7.1972894e+00
   3.2729215e+00   1.2765062e+01  -4.2549019e+00
  -3.3382288e+00   1.2549393e+01   7.5657863e+00
   2.2919450e+00   1.2962360e+01   7.1888304e+00
   5.3234053e+00   1.2042522e+01   4.5268006e+00
   6.1631618e+00   1.2864248e+01   2.5729201e+00
   3.6424079e+00   1.3745150e+01   6.3658782e+00
  -3.1542117e+00   1.3596934e+01   7.6194014e+00
   6.3317619e+00   1.1176867e+01   1.5990552e+00
  -7.4297175e+00   1.3007145e+01   4.8090985e+00
   6.1335768e+00   1.3712728e+01   2.6860942e+00
   6.3601394e+00   1.1659783e+01   1.0930910e+00
   3.3219730e+00   1.2503798e+01   6.5985548e+00
   4.6299998e+00   1.2749431e+01   5.4478739e+00
  -1.8707725e-01   1.1757690e+01   7.8755098e+00
  -2.6941683e-02   1.2323031e+01  -4.7065877e+00
   5.8982082e+00   1.3115250e+01   3.3949065e+00
   5.1138894e+00   1.2352899e+01   4.8399109e+00
   4.6502674e+00   1.2218878e+01   5.4250089e+00
   1.8296540e+00   1.0485933e+01   7.3880280e+00
   1.7953574e+00   1.2294968e+01   7.4013685e+00
   6.2775400e+00   1.2579757e+01   2.0198009e+00
   5.8880659e+00   1.2701606e+01  -1.3937047e+00
  -6.5432435e+00   1.2863081e+01   5.7407565e+00
  -2.8528729e+00   1.2457608e+01   7.6972395e+00
   1.6640320e+00   1.2414204e+01   7.4506876e+00
   1.3660654e+00   1.1593582e+01   7.5524901e+00
   4.4711764e+00   1.0306188e+01   5.6204443e+00
  -2.4740672e-01   1.0363644e+01   7.8814800e+00
  -7.2805829e+00   1.2610463e+01   4.9861057e+00
   3.4034074e+00   1.1526202e+01   6.5419151e+00
  -9.4767863e+00   1.2750985e+01  -8.9643008e-01
   3.8463355e+00   1.1429080e+01   6.2032538e+00
  -6.3493151e+00   1.3675906e+01   5.9112937e+00
   1.3365423e+00   1.2372627e+01  -4.8013293e+00
  -6.8259596e+00   1.1448446e+01   5.4727273e+00
  -4.2079281e+00   1.1107317e+01  -9.7146308e+00
   4.0816986e+00   1.2052876e+01   5.9998295e+00
  -5.5130275e+00   1.1646216e+01   6.5408597e+00
   4.8614024e+00   1.3063875e+01   5.1742847e+00
   5.8129693e+00   1.3018677e+01   3.6005889e+00
   4.9188621e+00   1.1593634e+01   5.1017658e+00
   6.3609861e+00   1.4440337e+01   9.7307095e-01
   6.3544720e+00   1.0587327e+01   7.0021117e-01
   5.8605184e+00   1.1968779e+01  -1.4584801e+00
   4.5918046e+00   1.0905904e+01   5.4904303e+00
   3.0912161e+00   1.5205112e+01   6.7504360e+00
   5.7504527e+00   1.0551481e+01   3.7403383e+00
   5.7787167e+00   1.1294675e+01  -1.6393760e+00
   6.1938531e+00   1.1509911e+01  -4.5206507e-01
   2.3872378e+00   1.2996018e+01   7.1430964e+00
  -3.9479614e+00   1.3152992e+01   7.3539472e+00
   1.3933316e+00   1.4624528e+01  -4.7968167e+00
  -5.1245942e+00   1.2675945e+01   6.7827560e+00
  -2.6361978e+00   1.3273949e+01   7.7457108e+00
   3.2067008e+00   1.1884348e+01   6.6759811e+00
  -7.4633182e-01   1.1923439e+01   7.9129033e+00
   6.0501667e-01   1.0787804e+01   7.7525260e+00
   6.1314228e+00   1.3038070e+01  -6.9364808e-01
   6.2052443e+00   1.3275952e+01  -4.0306356e-01
  -5.5610205e+00   1.1049258e+01   6.5089094e+00
  -6.0838347e+00   1.2775993e+01   6.1288033e+00
  -5.4875475e+00   1.2654022e+01   6.5576325e+00
  -9.1619112e+00   1.0765233e+01   1.4188881e+00
   2.6922530e+00   1.2710407e+01   6.9852394e+00
   6.3441492e+00   1.2979093e+01   5.2613932e-01
   3.6515732e+00   1.0832002e+01   6.3588233e+00
   6.1729762e+00   1.2897683e+01   2.5334598e+00
   1.7214829e-01   1.1975954e+01   7.8301076e+00
  -1.8923594e+00   1.1576016e+01   7.8656450e+00
  -5.5002777e+00   1.3369908e+01   6.5492690e+00
   5.6582500e+00   1.2116016e+01   3.9323914e+00
  -5.0809079e+00   1.1447498e+01   6.8081735e+00
   5.1980748e-01   1.1466808e+01   7.7698119e+00
  -6.0602779e+00   1.4865419e+01   6.1472634e+00
  -7.4642492e+00   1.1110530e+01   4.7667323e+00
   4.3388771e+00   1.5118552e+01   5.7558671e+00
  -8.6273225e+00   1.2997509e+01   2.8971985e+00
   4.0150151e+00   1.1515665e+01   6.0592802e+00
  -3.1850389e+00   1.3168533e+01   7.6107444e+00
   6.2296779e+00   1.3322411e+01  -2.9117687e-01
   6.3534750e+00   1.1503833e+01   1.2980204e+00
   3.7715603e+00   1.3143656e+01   6.2642831e+00
   6.1698265e+00   1.2485710e+01   2.5462370e+00
  -2.4101176e+00   1.2906419e+01   7.7897150e+00
   4.7965913e+00   1.2690493e+01   5.2537908e+00
   6.3483613e+00   1.1880059e+01   5.8784281e-01
  -1.9549046e-01   1.0731857e+01   7.8763708e+00
  -1.6889172e+00   1.2856378e+01   7.8861333e+00
   4.7898363e+00   1.2629618e+01   5.2619428e+00
   5.7465705e+00   1.1622587e+01   3.7487451e+00
   6.2654863e+00   1.2448909e+01   2.0915817e+00
   4.9305461e+00   1.2092473e+01   5.0867766e+00
  -6.0843007e+00   1.1766311e+01   6.1284368e+00
   5.1404068e+00   1.3570652e+01   4.8022514e+00
   5.7135304e+00   1.2540809e+01   3.8191069e+00
   3.2928849e+00   1.2807401e+01   6.6183926e+00
  -8.3750415e+00   1.2816528e+01   3.4005411e+00
  -1.8490521e+00   1.4102131e+01   7.8704457e+00
   6.3602828e+00   1.2820072e+01   8.9237928e-01
  -5.6940738e+00   1.3916474e+01   6.4178404e+00
  -1.7091231e+00   1.4323741e+01   7.8843327e+00
  -4.7885257e+00   1.2469959e+01   6.9694750e+00
   9.7219173e-01   1.4028338e+01   7.6664471e+00
   3.0113080e+00   1.3105401e+01   6.8001920e+00
   1.4682044e+00   1.2717187e+01   7.5191443e+00
  -1.2801792e-01   1.1544309e+01   7.8692072e+00
   1.7695172e+00   1.4310779e+01   7.4112929e+00
   3.4163785e+00   1.3297534e+01   6.5327411e+00
   6.0913425e+00   1.2817288e+01   2.8350980e+00
   4.9032098e+00   1.3718114e+01   5.1217154e+00
   1.8618909e+00   1.3165251e+01   7.3753126e+00
   5.8949917e+00   1.1682738e+01  -1.3770786e+00
  -3.2909607e+00   1.3090343e+01   7.5800044e+00
  -2.5500721e+00   1.2844061e+01   7.7632605e+00
   6.3586914e+00   1.2985470e+01   8.1671081e-01
  -6.2828601e+00   1.2918771e+01   5.9674153e+00
   5.8242886e-01   1.1916590e+01   7.7572056e+00
   5.5094016e+00   1.3611536e+01   4.2138116e+00
   4.4623851e+00   1.3698571e+01  -3.4294063e+00
  -2.0745800e+00   1.1103913e+01   7.8428337e+00
  -2.0071795e+00   1.2690377e+01   7.8517639e+00
   3.3284352e+00   1.3246261e+01   6.5941198e+00
  -4.3617052e+00   1.4180183e+01   7.1787764e+00
   5.4277617e+00   1.3230125e+01   4.3558517e+00
  -2.5642457e+00   1.0412587e+01   7.7604391e+00
   5.1125713e-01   1.3505404e+01   7.7714914e+00
  -7.1184292e+00   1.2853766e+01   5.1683058e+00
  -9.4757654e+00   1.3800358e+01  -8.2435569e-01
  -4.6534380e+00   1.2465317e+01  -9.4551342e+00
  -5.2124359e-02   1.2139902e+01   7.8604399e+00
   3.2894457e+00   1.1502707e+01   6.6207246e+00
   6.3053972e+00   1.1844576e+01   1.8304944e+00
   6.0745023e+00   1.1202684e+01  -8.8460752e-01
  -8.1610621e+00   1.1140775e+01   3.7743581e+00
  -5.5739572e+00   1.1733566e+01   6.5002164e+00
   2.0462862e+00   1.2404400e+01   7.2992504e+00
   4.6998891e+00   1.1882113e+01  -3.1993787e+00
   3.4645073e-01   1.3200982e+01   7.8019165e+00
   5.4531701e+00   1.3565698e+01   4.3124776e+00
  -8.7783497e+00   1.1780831e+01   2.5522127e+00
   1.4461168e+00   1.1222921e+01   7.5264908e+00
   5.7338501e+00   1.1498124e+01  -1.7322332e+00
   3.5706057e+00   1.2396087e+01  -4.0909007e+00
   2.2831060e+00   1.3869582e+01   7.1929889e+00
   1.0056218e+00   1.2366440e+01   7.6576584e+00
  -7.6286074e+00   1.1979518e+01   4.5574158e+00
   4.6029790e+00   1.3059481e+01   5.4780513e+00
  -7.3747324e+00   1.1122810e+01   4.8754663e+00
   5.6951612e+00   1.4157429e+01  -1.8091391e+00
  -8.9307008e+00   1.2672494e+01   2.1578665e+00
   4.6041080e+00   1.3273024e+01   5.4767973e+00
  -5.5651793e+00   1.2244452e+01   6.5061186e+00
   2.8946130e-01   1.6133265e+01   7.8115820e+00
   5.4896739e-01   1.1458822e+01   7.7640088e+00
   4.0122419e+00   1.2936111e+01   6.0617206e+00
   5.7401293e+00   9.5328526e+00  -1.7194830e+00
   1.3355824e+00   1.4451628e+01   7.5621340e+00
  -3.3874396e+00   1.0952416e+01   7.5506538e+00
   5.5257839e+00   1.2191532e+01   4.1843368e+00
   6.1023606e+00   1.1889337e+01   2.7974781e+00
   4.2748423e+00   1.2854650e+01   5.8188993e+00
   1.7950042e+00   1.1690718e+01   7.4015049e+00
   3.5591712e+00   1.2862841e+01   6.4288987e+00
   4.0158331e+00   1.2018083e+01   6.0585598e+00
   7.4897671e-01   1.1787962e+01   7.7210375e+00
   6.3179574e+00   1.0756836e+01   1.7293442e+00
   4.4282779e+00   1.2278813e+01  -3.4602723e+00
   4.9809672e+00   1.4513476e+01   5.0211154e+00
  -4.6158523e+00   1.3423309e+01   7.0577804e+00
  -8.9920030e+00   1.2593540e+01   1.9819444e+00
   6.3150223e+00   1.2590719e+01   1.7541850e+00
   1.4924970e+00   1.2890922e+01   7.5109774e+00
   4.2551038e+00   1.2878121e+01   5.8380125e+00
  -3.8244680e+00   1.0568661e+01   7.4012032e+00
  -9.3784462e+00   1.1659904e+01  -2.3633035e+00
   5.7840783e+00   1.5986412e+01   3.6662258e+00
   3.5320428e+00   1.1874227e+01   6.4490360e+00
   4.7460114e+00   1.3176407e+01   5.3142336e+00
  -9.4275704e+00   1.1192457e+01  -1.9658803e+00
  -2.7338073e+00   1.2664026e+01   7.7246433e+00
   1.4951067e+00   1.3675998e+01   7.5100946e+00
   8.9772655e-01   1.1975868e+01   7.6854465e+00
  -9.0835269e+00   1.1597328e+01  -3.7120140e+00
  -6.5244650e-01   1.2807256e+01   7.9094206e+00
   1.4795030e+00   1.1562107e+01   7.5153572e+00
   6.3554162e+00   1.1297017e+01   1.2550730e+00
  -7.6505904e+00   1.2121900e+01   4.5284094e+00
  -5.9590130e+00   1.1854527e+01   6.2251265e+00
  -8.6290493e-02   1.3258193e+01   7.8644800e+00
  -7.6066031e+00   1.1621420e+01   4.5862038e+00
  -7.3264317e+00   1.3920220e+01   4.9326899e+00
   2.6247984e-01   1.0668410e+01  -4.7602421e+00
  -5.9784671e+00   1.2509034e+01   6.2103539e+00
   2.0502604e+00   1.3495431e+01   7.2975477e+00
  -7.2077419e+00   1.2208868e+01   5.0692180e+00
   4.9698931e+00   1.1880338e+01   5.0356749e+00
   5.6873236e+00   1.0996126e+01   3.8734753e+00
   2.7612428e+00   1.1914754e+01   6.9470122e+00
   3.2399894e+00   1.4571603e+01   6.6539461e+00
   6.1709314e+00   1.1848683e+01  -5.4558444e-01
   5.7792030e+00   1.2955048e+01  -1.6383466e+00
  -2.1951817e+00   1.1747440e+01   7.8254063e+00
  -4.7242539e-01   1.3861354e+01   7.8996004e+00
  -4.7679569e+00   1.2105010e+01   6.9802593e+00
  -2.9964365e+00   1.2406511e+01   7.6616831e+00
  -9.2610203e+00   1.3100410e+01   1.0110020e+00
  -9.4624842e+00   1.2115588e+01  -1.5247097e+00
  -3.1749538e+00   1.1106646e+01   7.6135908e+00
   2.5066129e+00   1.3339085e+01   7.0834340e+00
  -2.6773402e+00   1.1795304e+01   7.7369838e+00
   6.2195295e+00   1.3050186e+01   2.3299214e+00
   3.3367218e+00   1.4179254e+01   6.5884177e+00
   4.2211494e+00   1.2546914e+01   5.8705506e+00
   1.9137228e+00   1.2890158e+01   7.3545081e+00
  -1.6533368e+00   1.2937776e+01   7.8891786e+00
   6.3472296e+00   1.2100841e+01   1.4073617e+00
   6.3601516e+00   1.1963744e+01   8.8403344e-01
   1.0938488e+00   1.1142433e+01  -4.8131257e+00
   3.9648642e+00   1.2416487e+01   6.1030266e+00
   1.9481047e-01   1.2225559e+01   7.8266721e+00
  -1.0590997e+00   1.2965112e+01   7.9164452e+00
   6.3296615e+00   1.1932717e+01   3.5892362e-01
   1.2117801e+01   7.6154738e+00  -2.4639741e+00
   1.2476514e+01   5.3150660e+00   2.8020276e+00
   1.2283168e+01   7.2215011e+00   3.8397938e+00
   1.2603519e+01   7.4350576e+00   7.5036368e-01
   1.2592326e+01   6.9024041e+00   1.5827703e+00
   9.1709132e+00   7.8587272e+00  -7.5481652e+00
   7.4990408e+00   6.1167412e+00  -8.9701993e+00
   6.8693435e+00   6.4198197e+00  -9.3815334e+00
   1.2605719e+01   6.4323333e+00   9.2367410e-01
   1.1224176e+01   6.8198339e+00   6.7728558e+00
   1.2263786e+01   8.6497242e+00  -1.9110256e+00
   1.2360116e+01   7.9441045e+00   3.4807383e+00
   1.2016205e+01   8.6810770e+00  -2.7977700e+00
   6.7150637e+00   5.7697423e+00   1.1851487e+01
   3.3046380e+00   7.6189472e+00   1.3498445e+01
   2.6527065e+00   9.3026648e+00  -1.0916271e+01
   1.2198309e+01   7.9618857e+00  -2.1719568e+00
   1.0996977e+01   8.5126809e+00   7.2035660e+00
   4.5386446e+00   5.8851453e+00   1.3034513e+01
   6.4324574e+00   7.9097714e+00   1.2035184e+01
   1.0003697e+01   8.7581986e+00   8.7409440e+00
   4.7206010e+00   8.6313161e+00  -1.0400484e+01
  -3.3331333e+00   7.5709412e+00  -1.0144582e+01
   1.0727716e+01   7.2707084e+00  -5.5698543e+00
   1.2597712e+01   8.0258087e+00   1.4522553e+00
   3.7112692e+00   7.6383578e+00  -1.0704200e+01
   1.0560779e+01   9.2365956e+00  -5.8279074e+00
   1.0379283e+01   7.6137965e+00  -6.0930020e+00
  -6.2476645e+00   6.4686972e+00   1.3173585e+01
   5.6407366e+00   7.1112671e+00  -1.0030591e+01
   4.9545591e+00   7.2769875e+00  -1.0315167e+01
  -2.9280646e+00   8.2313428e+00   1.4040700e+01
  -4.5345193e+00   7.5443324e+00   1.3726638e+01
   9.9764730e+00   7.9388434e+00   8.7771515e+00
   3.7179111e+00   1.0089548e+01  -1.0702532e+01
   1.0817113e+01   8.6208653e+00  -5.4254688e+00
  -3.1038768e+00   8.2789968e+00  -1.0241276e+01
   5.4003969e+00   8.8986381e+00  -1.0136236e+01
   6.1209275e+00   9.0930055e+00  -9.7993352e+00
   7.0084409e+00   8.1615930e+00   1.1649963e+01
   7.7002895e+00   6.7167685e+00  -8.8260382e+00
   1.2432928e+01   6.8035101e+00   3.0827918e+00
   1.2242841e+00   7.9220685e+00   1.3996476e+01
   1.2058273e+01   8.3417106e+00   4.6867994e+00
   9.8725578e+00   7.0293091e+00  -6.7612801e+00
   9.9600820e+00   7.2036834e+00  -6.6526068e+00
   8.1561031e+00   7.7441104e+00  -8.4745800e+00
   9.3048624e+00   7.2614913e+00  -7.4084868e+00
   1.2215779e+01   6.7424513e+00   4.1192449e+00
   1.2572268e+01   7.4951974e+00   7.7119042e-02
   3.8895918e+00   5.5101772e+00  -1.0657932e+01
   2.6950326e+00   9.6755661e+00   1.3679702e+01
   1.1825405e+01   7.0493384e+00  -3.3487404e+00
   1.2344662e+01   8.5481597e+00   3.5570417e+00
  -5.0928131e+00   6.3424150e+00   1.3572089e+01
   7.6878939e+00   7.2268312e+00   1.1137239e+01
   5.4548311e-01   8.2995891e+00   1.4087910e+01
   2.5613660e+00   6.5152929e+00  -1.0929653e+01
  -6.0993831e+00   7.3512443e+00  -8.3822704e+00
   1.2200227e+01   7.4953531e+00   4.1800848e+00
   8.2661427e+00   7.7855685e+00  -8.3842207e+00
   1.2533724e+01   7.2684762e+00  -3.4854714e-01
   1.2598801e+01   7.1300347e+00   5.7314993e-01
   1.2297999e+01   7.0014753e+00   3.7743345e+00
   4.0483599e+00   7.3607701e+00  -1.0614112e+01
   8.8727201e+00   6.9456904e+00   1.0060920e+01
   1.2542827e+01   5.5783689e+00   2.2583382e+00
   1.2602721e+01   8.5150375e+00   7.1250900e-01
   7.2860511e+00   7.9625918e+00  -9.1158830e+00
   6.9546442e+00   8.7842317e+00   1.1687769e+01
   1.2448153e+01   7.2764145e+00  -9.8716411e-01
   1.2335934e+01   7.9502230e+00  -1.5909871e+00
   1.2536696e+01   6.3630119e+00   2.3181129e+00
   1.1917202e+01   6.6534210e+00  -3.0941863e+00
   1.2590491e+01   7.1320510e+00   3.7356188e-01
   1.2316961e+01   8.3675139e+00  -1.6790846e+00
   1.2393544e+01   6.8821116e+00  -1.3017463e+00
   5.5597986e+00   7.2923664e+00   1.2542932e+01
   1.2436356e+01   8.2143430e+00   3.0621195e+00
  -2.0739020e+00   8.5655157e+00  -1.0601441e+01
   3.1060691e+00   7.6286671e+00   1.3560833e+01
   1.2334180e+01   7.3056774e+00  -1.5992620e+00
   3.3457211e+00   7.4231186e+00   1.3485127e+01
   8.9865961e+00   6.9831902e+00  -7.7331198e+00
  -8.2879088e+00   6.4977483e+00  -5.6345455e+00
   1.2186905e+01   8.3007969e+00   4.2312409e+00
   1.0485464e+01   4.5785013e+00  -5.9397664e+00
   8.0151213e+00   7.5595377e+00  -8.5871328e+00
   8.1645118e+00   8.2880121e+00  -8.4677537e+00
   5.0443838e+00   7.1798338e+00  -1.0280860e+01
   1.1017901e+01   6.5177742e+00   7.1654773e+00
   1.0077070e+01   7.1937527e+00   8.6420566e+00
   4.2756795e+00   7.8333030e+00  -1.0547008e+01
   6.0486547e+00   8.7972564e+00  -9.8359090e+00
   1.1731815e+01   7.3466175e+00  -3.5916415e+00
   7.2229179e+00   7.8794503e+00  -9.1577490e+00
  -1.8584035e+00   9.0846821e+00  -1.0662265e+01
   1.0485500e+01   7.3917982e+00   8.0534322e+00
   1.0832532e+01   6.5984629e+00   7.4929959e+00
   1.2524820e+01   6.8703116e+00  -4.2871311e-01
   9.3394659e+00   8.5068008e+00   9.5578683e+00
   1.0347612e+01   6.3705460e+00  -6.1377406e+00
   1.2591658e+01   8.1510379e+00   1.5969833e+00
   1.1836186e+01   5.8605741e+00   5.3551123e+00
   1.2510739e+01   8.2909199e+00   2.5456824e+00
   6.7967249e+00   7.5014662e+00  -9.4253174e+00
   8.1803175e+00   7.1925808e+00  -8.4548878e+00
   1.0883362e+01   6.4855694e+00  -5.3154535e+00
   8.5042488e+00   7.5300932e+00  -8.1808368e+00
  -7.2427036e-01   6.0810968e+00  -1.0905232e+01
   1.0230831e+01   7.6916861e+00   8.4283782e+00
   1.1659548e+01   6.6995263e+00   5.8145588e+00
   9.3686414e+00   5.8551532e+00  -7.3403478e+00
   2.1593195e+00   8.4119143e+00   1.3814369e+01
   1.2346853e+01   8.8210020e+00  -1.5388217e+00
   4.6132641e+00   6.1433490e+00   1.3002049e+01
   7.2996688e+00   7.8677103e+00   1.1438387e+01
   1.1171941e+01   7.1296933e+00  -4.8023761e+00
   9.9254675e+00   5.8820821e+00  -6.6958970e+00
   7.4269747e+00   6.1944020e+00   1.1342114e+01
   1.1379003e+01   8.1936457e+00   6.4549892e+00
   8.2077174e+00   9.7586598e+00  -8.4324753e+00
   7.7243811e+00   6.7504285e+00  -8.8083434e+00
   7.0245669e+00   6.5849595e+00   1.1638554e+01
   1.0140969e+01   7.9095403e+00  -6.4194492e+00
   8.8710377e+00   1.0295108e+01  -7.8450096e+00
   1.2400649e+01   7.4686003e+00  -1.2633869e+00
   1.0173426e+01   6.1926655e+00   8.5092060e+00
   1.1593900e+01   8.0113670e+00  -3.9241806e+00
   9.2330495e+00   4.8200968e+00   9.6771976e+00
   1.1352597e+01   8.2805809e+00  -4.4481723e+00
   1.0382578e+01   5.5231703e+00  -6.0883221e+00
   1.0536784e+01   7.0033116e+00  -5.8638402e+00
  -4.8304629e+00   6.9651111e+00  -9.3436692e+00
   8.0757516e+00   7.4346470e+00   1.0812739e+01
   1.2239098e+01   8.8156957e+00  -2.0122615e+00
   1.2167772e+01   8.9753615e+00  -2.2860492e+00
   6.4656748e+00   6.1218175e+00  -9.6159199e+00
   1.2416100e+01   6.1752547e+00  -1.1775389e+00
   1.2328762e+01   7.1647985e+00   3.6331709e+00
  -1.4142083e+01   5.9714235e+00   5.8758450e+00
   4.5642491e+00   7.5452792e+00   1.3023433e+01
   1.1749210e+01   5.3818678e+00   5.5878497e+00
   1.1204405e+01   7.0655546e+00  -4.7407962e+00
  -6.3656464e+00   7.8547586e+00  -8.1378041e+00
  -2.9504118e+00   5.8118226e+00   1.4037624e+01
   3.8983028e+00   7.7287976e+00  -1.0655592e+01
   1.1837867e+01   7.6472934e+00   5.3504776e+00
   1.0154785e+01   6.5436907e+00   8.5351791e+00
   2.6377037e+00   6.6117024e+00  -1.0918522e+01
  -5.0719646e+00   7.7502947e+00  -9.1834445e+00
   7.6087266e+00   6.8403120e+00   1.1200500e+01
   1.2086434e+01   7.7165727e+00  -2.5707193e+00
   7.8335640e+00   6.9711443e+00   1.1018254e+01
   7.2277636e+00   6.7024098e+00  -9.1545566e+00
   1.2353757e+01   6.1963301e+00   3.5124254e+00
   1.1519611e+01   9.2762553e+00  -4.0925962e+00
   1.2561339e+01   7.5553273e+00  -6.1326861e-02
   9.9939821e+00   8.2552176e+00   8.7538942e+00
   1.2602398e+01   6.9579772e+00   6.9853870e-01
   1.2069983e+00   8.2067167e+00  -1.1038692e+01
   9.0681060e+00   7.8436925e+00  -7.6523341e+00
  -2.9443406e+00   8.0587300e+00   1.4038463e+01
   1.2068024e+01   6.7328858e+00  -2.6317627e+00
   1.1919195e+01   8.5308904e+00  -3.0884584e+00
   1.2605272e+01   7.3907044e+00   1.1258371e+00
  -3.0888005e+00   6.9411052e+00   1.4017777e+01
  -7.1491414e+00   6.4436411e+00  -7.3046025e+00
   8.7993386e+00   8.0277591e+00  -7.9129208e+00
  -2.8586617e+00   7.3298843e+00  -1.0337826e+01
   1.2557043e+01   6.4778450e+00  -1.1097491e-01
   1.0352265e+01   7.9675397e+00  -6.1311950e+00
   8.9077764e+00   8.2018339e+00   1.0024896e+01
   1.0261865e+01   6.2020609e+00  -6.2567356e+00
   1.2474163e+01   8.5649011e+00   2.8182970e+00
   1.1393506e+01   6.5649487e+00  -4.3637869e+00
   9.0392068e+00   7.4473650e+00  -7.6811563e+00
   1.2133834e+01   8.0109271e+00   4.4270350e+00
  -8.7147661e+00   7.3606521e+00   1.1922957e+01
   1.2079281e+01   6.1142762e+00   4.6165841e+00
  -8.2045969e+00   8.2987648e+00  -5.7848138e+00
   1.6517117e+00   8.2051400e+00  -1.1021253e+01
  -1.0835408e+00   8.1797992e+00  -1.0841956e+01
  -1.2089819e-01   6.6552038e+00   1.4145197e+01
   1.2601406e+01   7.6639675e+00   1.3347452e+00
   1.0070922e+01   6.9004441e+00   8.6504167e+00
   6.1057404e+00   7.1647632e+00  -9.8070738e+00
   1.2302969e+01   7.3097100e+00  -1.7421394e+00
   1.0524453e+01   9.4102947e+00  -5.8821974e+00
   4.2164863e+00   7.7730725e+00  -1.0564980e+01
  -1.0967846e+00   8.4980213e+00  -1.0839385e+01
   9.6220415e+00   8.4551312e+00  -7.0585926e+00
   1.2513221e+01   8.2627856e+00   2.5254045e+00
   9.9343943e+00   7.6633926e+00   8.8326131e+00
   9.3243757e+00   6.0227539e+00  -7.3877536e+00
  -2.9862442e+00   7.2932053e+00  -1.0288466e+01
   9.7890914e+00   8.2654311e+00  -6.8625399e+00
   6.0369372e+00   7.1724275e+00   1.2276046e+01
   8.6299530e+00   7.1343702e+00   1.0303165e+01
   3.8746189e+00   5.5556235e+00  -1.0661937e+01
   1.2253143e+01   8.5830005e+00  -1.9551235e+00
   7.0380524e+00   8.3014835e+00  -9.2769808e+00
   1.1180540e+01   7.3719830e+00   6.8586590e+00
   1.1662423e+01   6.3519456e+00  -3.7624197e+00
   1.2601848e+01   8.2790636e+00   6.7614443e-01
   1.1619500e+01   6.7357404e+00  -3.8645023e+00
   9.6130630e+00   8.8808517e+00   9.2372529e+00
   1.0533295e+01   8.3480352e+00  -5.8690408e+00
   1.2328526e+01   5.7444340e+00  -1.6257560e+00
   5.3810179e+00   5.5238415e+00  -1.0144469e+01
   1.1774699e+01   1.1182868e+01  -3.4822482e+00
   1.1742660e+01   7.1638880e+00  -3.5642658e+00
   2.2391907e+00   7.8854921e+00  -1.0970730e+01
  -1.3382802e+00   7.8907233e+00   1.4168280e+01
  -4.8483798e+00   6.9719618e+00  -9.3321106e+00
   3.8015030e+00   7.3258616e+00  -1.0681176e+01
   9.8616239e+00   9.0748545e+00   8.9271218e+00
   6.1491698e+00   8.1217488e+00  -9.7848691e+00
   8.6358979e+00   8.1995014e+00   1.0297380e+01
   1.1684111e+01   8.4278194e+00  -3.7098307e+00
   2.7384672e+00   8.7091063e+00  -1.0903004e+01
  -8.7387585e-01   7.0968258e+00  -1.0880393e+01
   7.0621654e+00   6.8301131e+00   1.1611816e+01
   1.1168130e+01   7.1743461e+00   6.8827792e+00
   1.2014050e+01   7.0261357e+00   4.8300748e+00
   1.2599734e+01   7.2679396e+00   1.3922834e+00
   1.6367173e+00   8.1739220e+00  -1.1022132e+01
   5.8786579e+00   6.8778922e+00   1.2367368e+01
   1.1114161e+01   6.3726884e+00   6.9862699e+00
   4.1569755e+00   7.7936981e+00  -1.0582694e+01
   8.8909071e+00   8.1170922e+00  -7.8259873e+00
   1.1038549e+01   9.2139024e+00  -5.0468245e+00
   9.5887042e+00   1.0278598e+01  -7.0967066e+00
  -1.5962096e+00   8.1308036e+00  -1.0729814e+01
  -7.8180006e+00   6.8027824e+00  -6.4130112e+00
   1.0883703e+01   7.1234792e+00  -5.3148818e+00
  -2.8792419e+00   9.4091798e+00  -1.0329991e+01
   1.1520928e+01   8.2470597e+00  -4.0896710e+00
  -6.5597952e+00   7.0549171e+00   1.3046762e+01
   9.9259371e+00   8.4878979e+00  -6.6953124e+00
   7.3259616e+00   8.7292545e+00   1.1418696e+01
   1.1627454e+01   8.6568573e+00   5.8928007e+00
   9.5057154e+00   7.2810990e+00  -7.1901836e+00
   8.5595300e+00   6.9209131e+00   1.0371162e+01
   1.2312234e+01   6.9711169e+00   3.7099639e+00
   1.2457532e+01   8.1815910e+00  -9.2777938e-01
   4.8752514e+00   7.4502664e+00   1.2883870e+01
   1.1337071e+01   6.8221647e+00   6.5432660e+00
  -1.5107192e+01   9.7533168e+00   3.4054051e+00
   1.1051246e+01   7.6903110e+00  -5.0241228e+00
   1.1647473e+01   7.6771734e+00  -3.7982700e+00
   9.9757931e+00   9.2897256e+00   8.7780524e+00
   5.4560090e+00   1.0889844e+01  -1.0112374e+01
   1.1615572e+01   8.5222562e+00   5.9214070e+00
   8.9085066e+00   6.8807471e+00   1.0024143e+01
   1.0890256e+01   6.6589588e+00  -5.3038517e+00
   5.7585585e+00   8.5338580e+00   1.2434796e+01
  -4.7635453e+00   6.6433645e+00   1.3666152e+01
   2.0115653e+00   7.3652958e+00  -1.0994029e+01
   1.1804479e+01   8.4173041e+00   5.4415421e+00
   1.1560636e+01   6.1341971e+00   6.0512295e+00
   1.2587921e+01   6.3843901e+00   3.2374446e-01
   5.8480547e+00   8.3131856e+00  -9.9341106e+00
  -8.9282453e-01   5.8093548e+00   1.4171987e+01
   6.4528079e+00   7.9334759e+00   1.2022287e+01
   9.3523866e+00   7.7239342e+00   9.5431819e+00
   5.0599260e+00   8.1190933e+00   1.2796556e+01
   9.5258371e-02   6.7208459e+00   1.4130104e+01
   7.6211219e-02   7.2474949e+00  -1.1002237e+01
   8.8202441e+00   7.6306913e+00  -7.8932372e+00
   8.6721256e+00   9.6785212e+00  -8.0306582e+00
   7.8633702e+00   7.7564480e+00  -8.7043821e+00
   4.8662933e+00   8.1450040e+00  -1.0348036e+01
   1.1133804e+01   7.4314592e+00  -4.8736422e+00
   8.9164123e+00   8.7378796e+00  -7.8014387e+00
   4.3867190e+00   7.6571661e+00   1.3098998e+01
   1.2598787e+01   6.5596140e+00   5.7270843e-01
   1.0634473e+01   7.1810630e+00   7.8204862e+00
  -6.9661821e+00   7.7713587e+00   1.2868818e+01
   5.1551419e+00   7.3313198e+00  -1.0237358e+01
   1.1914538e+01   8.0170581e+00   5.1328753e+00
   9.7410146e+00   7.6721847e+00  -6.9198492e+00
   9.3466656e+00   8.2072354e+00   9.5496901e+00
  -5.1781527e-01   7.2722222e+00  -1.0936008e+01
   1.1573480e+01   7.9015895e+00   6.0212245e+00
   6.7257289e+00   8.4689809e+00  -9.4674266e+00
   1.1543897e+01   7.7782070e+00  -4.0382938e+00
   1.2019814e+01   6.1252130e+00   4.8117311e+00
   7.1464742e-01   7.4127789e+00   1.4068272e+01
   1.1961952e+01   7.6417654e+00  -2.9632997e+00
   1.2043830e+01   7.6021780e+00   4.7342468e+00
   1.1001840e+01   8.2925806e+00   7.1947403e+00
  -1.4207037e+00   6.6344006e+00  -1.0771141e+01
  -8.3776143e+00   8.0704729e+00  -5.4655619e+00
   6.8373464e+00   6.9731157e+00  -9.4009148e+00
   1.0851725e+01   7.1453300e+00   7.4600826e+00
   1.1839520e+01   8.1577871e+00  -3.3107230e+00
  -4.5765340e-02   6.8165295e+00   1.4140329e+01
   7.7670678e+00   6.7165490e+00  -8.7767565e+00
   1.1143391e+01   7.9948536e+00  -4.8558341e+00
   4.6868878e+00   6.9707830e+00   1.2969503e+01
   9.5369787e+00   5.6563655e+00   9.3284937e+00
   9.9212467e+00   6.0535956e+00  -6.7011476e+00
   1.0043345e+01   8.6332194e+00  -6.5467578e+00
   1.2380600e+01   8.3763665e+00   3.3756981e+00
   1.2424267e+01   8.2276566e+00  -1.1307085e+00
   8.8344515e+00   8.3580277e+00  -7.8798052e+00
   3.7677305e+00   7.7302988e+00  -1.0689886e+01
   6.6631376e+00   5.3696362e+00  -9.5039863e+00
   1.1902146e+00   6.2237682e+00  -1.1039000e+01
   1.2165972e+01   6.9496777e+00   4.3099397e+00
   1.5182332e+00   8.4607178e+00  -1.1028366e+01
   3.5910341e+00   9.0639613e+00  -1.0733651e+01
   1.0799808e+00   6.8171492e+00   1.4018742e+01
  -7.2738143e+00   7.7067628e+00   1.2724155e+01
  -9.0529161e+00   6.9635342e+00   1.1702736e+01
   8.9960270e+00   7.7349458e+00  -7.7238527e+00
   1.0928026e+00   7.3681625e+00  -1.1040283e+01
   4.3631958e+00   4.3467554e+00   1.3108791e+01
   6.9002747e-01   6.9230587e+00  -1.1036465e+01
   1.2587260e+01   8.7790560e+00   1.6832398e+00
   6.6349573e+00   7.6579545e+00   1.1904573e+01
   1.1975506e+01   8.5897623e+00   4.9503728e+00
   2.1109039e+00   7.4489378e+00  -1.0984442e+01
   1.1540994e+01   9.3816442e+00  -4.0448222e+00
   6.9701120e+00   7.7806969e+00   1.1676939e+01
   1.2388652e+01   6.1890673e+00   3.3330819e+00
   1.2605075e+01   6.3789688e+00   8.4999276e-01
   1.0978084e+01   8.7720889e+00  -5.1533930e+00
   1.2585490e+01   6.9860549e+00   1.7150300e+00
   2.7510235e+00   7.6718193e+00   1.3664314e+01
   1.2537121e+01   8.3030209e+00  -3.1664857e-01
   1.3084147e+00   6.8768736e+00   1.3982782e+01
   1.0865184e+01   9.4605002e+00   7.4368697e+00
   1.1687053e+01   7.2235370e+00   5.7463229e+00
   1.0069951e+01   7.9005637e+00  -6.5124109e+00
   7.1756011e+00   8.3643934e+00  -9.1887403e+00
   1.1678670e+01   7.5918558e+00  -3.7230909e+00
   1.2461858e+01   8.0891012e+00  -8.9973863e-01
   8.5205154e+00   7.6640037e+00   1.0408408e+01
   2.8762558e+00   8.8350118e+00   1.3628983e+01
   1.1474377e+01   8.3122488e+00  -4.1918932e+00
   6.4741019e-01   6.4360726e+00  -1.1035200e+01
   5.0910694e+00   9.0394460e+00  -1.0262686e+01
  -4.8270531e+00   7.6334248e+00   1.3648665e+01
   8.5292327e+00   6.4253753e+00  -8.1588511e+00
  -7.6435853e-02   7.8978149e+00  -1.0988352e+01
   1.1858333e+01   7.8991974e+00  -3.2594395e+00
   1.2550631e+01   6.7870052e+00  -1.8114776e-01
   1.2275964e+01   6.1980662e+00  -1.8596716e+00
  -7.5518326e+00   7.3044316e+00  -6.7926899e+00
   4.9476528e+00   6.2047057e+00  -1.0317768e+01
   1.1973761e+01   9.0583566e+00  -2.9279368e+00
  -5.6229870e+00   6.4968570e+00  -8.7796455e+00
   1.1947833e+00   6.9170185e+00   1.4001153e+01
   1.3356745e+00   6.2291024e+00  -1.1035485e+01
   9.0385803e+00   6.4743152e+00  -7.6817789e+00
   8.3945132e+00   8.8040270e+00  -8.2759353e+00
   8.2153035e+00   6.8090954e+00   1.0689756e+01
   1.1509541e+01   8.3335018e+00   6.1685813e+00
   1.2210172e+01   9.2923704e+00  -2.1264184e+00
   1.0330403e+01   8.0848094e+00  -6.1618698e+00
   1.2566178e+01   6.9341554e+00  -2.4171808e-03
   4.2314793e+00   7.3931428e+00   1.3162688e+01
   1.2318176e+01   6.5299399e+00   3.6826186e+00
   9.8365237e+00   9.7063311e+00  -6.8052749e+00
   6.6084777e+00   7.0260445e+00   1.1921942e+01
   1.0630705e+01   7.8326232e+00  -5.7215676e+00
   1.0174660e+01   5.1181223e+00  -6.3746805e+00
   1.2473536e+01   7.7503571e+00  -8.2182951e-01
  -1.2668798e+01   7.4916749e+00   8.2707932e+00
  -1.2681141e+01   7.1814479e+00   8.2543424e+00
   1.2602678e+01   7.8252148e+00   7.1061268e-01
   8.6431589e+00   7.6826909e+00   1.0290303e+01
   1.2517936e+01   6.7412893e+00  -4.8767926e-01
   1.2503627e+01   6.7774418e+00  -6.0318126e-01
   1.1410904e+01   7.5166058e+00  -4.3273900e+00
   1.2304756e+00   6.7647966e+00  -1.1038219e+01
  -2.5301756e+00   7.0283749e+00  -1.0456400e+01
   4.3072735e+00   7.0061157e+00  -1.0537270e+01
   1.1290951e+01   6.9294254e+00   6.6384355e+00
   5.7919023e-01   5.7128498e+00   1.4084162e+01
   1.1450532e+01   6.1353914e+00   6.3003250e+00
  -2.5735199e+00   6.8601696e+00  -1.0441445e+01
   1.1388337e+01   8.8393258e+00  -4.3745423e+00
  -9.5403238e-01   7.8221366e+00  -1.0866200e+01
   3.0584839e+00   7.5433790e+00   1.3575299e+01
   1.1406602e+01   8.9859417e+00  -4.3364184e+00
   3.8062377e+00   7.8341651e+00  -1.0679946e+01
   1.0352962e+01   8.0417868e+00   8.2520190e+00
   1.2594873e+01   6.9201762e+00   4.6926170e-01
   6.8468412e+00   8.1383655e+00   1.1762367e+01
   1.1060773e+01   6.5156094e+00   7.0864861e+00
   8.2130948e+00   8.0470464e+00  -8.4280604e+00
   9.7571621e+00   6.3697054e+00  -6.9006822e+00
   4.4257730e+00   8.5372668e+00  -1.0499847e+01
   8.5005419e+00   6.3216399e+00   1.0427360e+01
   3.3017021e+00   6.3899571e+00   1.3499391e+01
   5.2787674e+00   7.0397688e+00  -1.0187218e+01
   1.2323542e+01   7.8173338e+00  -1.6488786e+00
   6.8163503e+00   1.3010634e+01  -9.4135561e+00
   2.2578642e+00   1.1652705e+01  -1.0968609e+01
   1.0024868e+01   1.3372918e+01  -6.5704604e+00
   5.2688475e+00   1.2710487e+01   1.2693676e+01
  -7.6489899e+00   1.4390018e+01   1.2535679e+01
   7.4424607e+00   1.1185614e+01   1.1330241e+01
   1.0861154e+01   1.1536425e+01  -5.3526298e+00
   9.7576103e+00   1.1431015e+01  -6.9001490e+00
   1.2539733e+01   1.2559690e+01  -2.9157632e-01
   1.0518617e+01   1.3486570e+01  -5.8908610e+00
   6.1026787e+00   1.4897688e+01   1.2237279e+01
   6.8181814e+00   1.2739468e+01  -9.4124560e+00
   1.1082247e+01   1.2576736e+01   7.0464265e+00
  -4.9537600e+00   1.1477301e+01  -9.2630721e+00
   1.1370186e+01   1.2719958e+01  -4.4120928e+00
   2.9161966e-01   1.2105859e+01   1.4113495e+01
   1.0359657e+01   1.2809526e+01  -6.1207767e+00
   1.1829601e+01   1.2905074e+01  -3.3374786e+00
   1.0795345e+01   1.3957346e+01  -5.4610479e+00
   1.2955277e+00   1.2272009e+01  -1.1036647e+01
   1.0503142e+01   1.2260357e+01   8.0264003e+00
   1.2041934e+01   1.1407420e+01  -2.7163742e+00
   1.0557027e+01   1.1828163e+01  -5.8335437e+00
  -2.0131502e+00   1.2391000e+01   1.4135999e+01
  -2.7512543e+00   1.3552213e+01  -1.0377934e+01
   7.9540500e+00   1.2971966e+01   1.0917240e+01
  -5.4799377e-01   1.4528935e+01   1.4165238e+01
   1.2026954e+01   1.3502657e+01  -2.7640026e+00
   6.8314897e+00   1.1947686e+01  -9.4044471e+00
  -9.0583943e-01   1.3302637e+01   1.4172077e+01
   6.0376598e+00   1.3315730e+01  -9.8414171e+00
   1.2539100e+01   1.1968838e+01   2.2950005e+00
   5.8023163e+00   1.2411208e+01  -9.9558292e+00
  -2.7949680e+00   1.2167921e+01   1.4058275e+01
   1.2595325e+01   1.2156981e+01   1.5141839e+00
   1.1348187e+01   1.0741401e+01   6.5200293e+00
   1.1414030e+01   1.1153702e+01  -4.3208172e+00
  -9.9185904e-01   1.1282232e+01   1.4172373e+01
   1.2042261e+01   1.1510797e+01   4.7393613e+00
   1.2541196e+01   1.2940338e+01  -2.7731779e-01
   1.2602103e+01   1.3545561e+01   6.8632371e-01
   9.9285109e+00   1.1325702e+01  -6.6921072e+00
   1.2509411e+01   1.1377441e+01   2.5564293e+00
   1.1241896e+01   1.1205101e+01  -4.6685958e+00
   1.2605887e+01   1.0807339e+01   1.0301588e+00
  -1.5708033e+01   1.1798480e+01  -1.9962302e+00
   9.9421773e+00   1.2886460e+01  -6.6750506e+00
   8.1025314e+00   1.2778732e+01  -8.5177684e+00
   8.9344615e+00   1.3118438e+01   9.9972916e+00
   1.0080695e+01   1.1672861e+01  -6.4984687e+00
   1.1055420e+01   1.0979794e+01  -5.0166354e+00
  -8.4583843e+00   1.2854959e+01  -5.3063372e+00
   1.1016262e+01   1.2748333e+01   7.1684719e+00
   2.0523966e+00   1.2626166e+01  -1.0990198e+01
   1.2070482e+01   1.1433381e+01   4.6461698e+00
   1.1302940e+01   1.0815754e+01   6.6138827e+00
   1.0239128e+01   1.3784510e+01   8.4165880e+00
   1.1707213e+01   1.1737680e+01  -3.6530365e+00
   6.2266683e+00   1.1325156e+01  -9.7446660e+00
   1.1921001e+01   1.2866313e+01   5.1139507e+00
   6.5483971e+00   1.2889001e+01   1.1961026e+01
   3.0727224e+00   1.2203996e+01  -1.0844769e+01
  -3.0921739e+00   1.2500619e+01  -1.0246044e+01
   4.4084902e+00   1.1850078e+01  -1.0505394e+01
   8.1330110e+00   1.0726120e+01  -8.4932600e+00
   1.6669878e-01   1.2214470e+01   1.4124382e+01
  -9.4225385e+00   1.3360862e+01  -2.0137995e+00
   1.1745099e+01   1.1950619e+01  -3.5580833e+00
   1.1270807e+01   1.1691360e+01  -4.6120968e+00
   9.5537014e+00   1.3403114e+01  -7.1363748e+00
   8.0336258e+00   1.1611145e+01  -8.5725616e+00
   5.5123055e+00   1.1541071e+01  -1.0087862e+01
   4.8051439e+00   1.1788611e+01   1.2916142e+01
   1.2032583e+01   1.0748820e+01   4.7707481e+00
   7.4007815e+00   1.2176786e+01  -9.0382698e+00
   8.6384210e+00   1.4775748e+01  -8.0612759e+00
   8.6085365e+00   1.2492453e+01  -8.0882254e+00
   1.0466820e+01   1.3145324e+01   8.0818961e+00
   1.2310793e+01   1.2713380e+01  -1.7070712e+00
   1.2553119e+01   1.4450536e+01   2.1509917e+00
   9.0446622e+00   1.3863294e+01  -7.6757306e+00
   6.0490732e+00   1.2224750e+01  -9.8356990e+00
   6.3087464e+00   1.2163116e+01   1.2112509e+01
   1.1801321e+01   1.2980314e+01  -3.4127375e+00
   7.7963685e+00   1.2046487e+01   1.1048959e+01
   1.2034987e+01   1.2044517e+01   4.7629777e+00
   7.6857383e+00   1.3342734e+01  -8.8366799e+00
   4.4389118e+00   1.1306218e+01   1.3077087e+01
   1.2602825e+01   1.3429962e+01   1.2768182e+00
   1.0299320e+01   1.1764462e+01   8.3302326e+00
   6.8105083e+00   1.1533278e+01  -9.4170627e+00
   1.2097073e+01   1.1420490e+01  -2.5349110e+00
   1.2397625e+01   1.1283920e+01   3.2846227e+00
   1.2594208e+01   1.2992940e+01   1.5407320e+00
   1.2265588e+01   1.2302767e+01  -1.9034876e+00
   6.2189070e+00   1.3352670e+01  -9.7487260e+00
   9.8238648e+00   1.2483501e+01   8.9754759e+00
   8.8212875e+00   1.1272393e+01  -7.8922522e+00
   8.8901737e+00   1.2198831e+01  -7.8266909e+00
   1.1012217e+01   1.3875882e+01  -5.0935436e+00
   9.1754037e+00   1.2335714e+01   9.7406521e+00
   1.0354194e+01   1.1896905e+01   8.2502082e+00
   9.8259170e+00   1.3183954e+01  -6.8181436e+00
   1.2605451e+01   1.3080329e+01   1.1069186e+00
   1.0222061e+01   1.4161065e+01  -6.3109452e+00
   4.7954929e+00   1.2229645e+01  -1.0373803e+01
   1.1312162e+01   1.2446728e+01  -4.5299847e+00
   9.1488754e+00   1.1966735e+01   9.7695803e+00
   1.2572241e+01   1.0591872e+01   1.9188014e+00
   1.2523526e+01   1.3636959e+01  -4.3998383e-01
  -2.3771439e+00   1.4246648e+01   1.4105221e+01
   1.8919633e+00   1.3138079e+01  -1.1004381e+01
   9.5725810e+00   1.2484909e+01  -7.1150229e+00
   7.2038309e+00   1.1524118e+01  -9.1702901e+00
   1.2150208e+00   1.1916613e+01  -1.1038536e+01
   5.0780325e+00   1.2699360e+01   1.2787813e+01
   2.8578637e+00   1.2100193e+01   1.3634252e+01
   1.0627966e+01   1.1916266e+01  -5.7257796e+00
  -3.2236134e+00   1.2470251e+01  -1.0191562e+01
   2.6566169e+00   1.4173930e+01   1.3690114e+01
   7.7221095e+00   1.3614281e+01  -8.8100158e+00
   7.0848229e+00   1.4231250e+01   1.1595610e+01
   6.6391626e+00   1.2587786e+01   1.1901806e+01
   1.2461683e+01   1.2443429e+01  -9.0088137e-01
  -3.2019347e+00   1.4196611e+01  -1.0200690e+01
   1.2571885e+01   1.3312754e+01   7.1913511e-02
   1.1694428e+01   1.1472622e+01   5.7278359e+00
  -2.8653746e+00   1.4017477e+01   1.4049136e+01
   1.1515710e+01   1.2461427e+01  -4.1012546e+00
   1.2349324e+01   1.2775042e+01  -1.5268588e+00
   9.4356280e+00   1.3653247e+01   9.4475107e+00
   1.2489510e+01   9.9707166e+00  -7.0933372e-01
   1.0752938e+01   1.1917662e+01   7.6272051e+00
   1.5099006e+00   1.0585991e+01   1.3947846e+01
   1.2573589e+01   1.2797583e+01   9.5309738e-02
   6.4319587e+00   1.1849570e+01   1.2035500e+01
   1.2364235e+01   1.1613482e+01   3.4599872e+00
   1.1995984e+01   1.1839635e+01  -2.8603981e+00
   1.1561106e+01   1.1746274e+01   6.0501339e+00
   1.0202932e+01   1.1574616e+01  -6.3367726e+00
   8.6684431e+00   1.3876106e+01   1.0265578e+01
   1.2067683e+01   1.4660040e+01  -2.6328844e+00
   1.1776051e+01   1.2477936e+01   5.5174630e+00
  -5.7920903e+00   1.3230049e+01  -8.6440947e+00
   9.5123487e+00   1.2348706e+01   9.3576784e+00
   5.7311434e+00   1.4105920e+01  -9.9891357e+00
   6.3727248e+00   1.4020783e+01  -9.6668531e+00
   1.2481504e+01   1.1511436e+01   2.7669995e+00
   5.1646107e+00   1.3948339e+01   1.2745556e+01
   6.2118020e+00   1.2918318e+01   1.2171827e+01
   1.2361837e+01   1.3506064e+01  -1.4653439e+00
   5.7102581e+00   1.3650101e+01   1.2461467e+01
  -8.3186450e+00   1.2802142e+01   1.2164631e+01
   8.5710704e+00   1.2980166e+01  -8.1217516e+00
   1.1884710e+01   1.2428090e+01  -3.1863173e+00
   3.9298511e+00   1.3009531e+01  -1.0647056e+01
   1.0174938e+01   1.1712964e+01  -6.3743094e+00
   7.0458463e+00   1.1371670e+01  -9.2720536e+00
   5.4866014e+00   1.2413141e+01  -1.0099098e+01
   5.5937525e-01   1.1929560e+01   1.4086375e+01
   7.4491422e+00   1.2459329e+01   1.1325107e+01
   5.5663808e+00   1.2872991e+01  -1.0063979e+01
   1.2286527e+01   1.3118911e+01  -1.8143202e+00
   2.9165706e+00   1.1257396e+01   1.3617340e+01
   1.2374604e+01   1.2621340e+01   3.4069358e+00
   3.8334338e+00   1.2283449e+01   1.3316062e+01
  -1.2317616e+00   1.1409338e+01  -1.0812203e+01
   1.2210339e+01   1.2747229e+01   4.1406679e+00
   1.1374602e+01   1.3289511e+01   6.4643355e+00
   7.8935345e+00   1.3758496e+01  -8.6813912e+00
   7.9208791e-01   1.4361978e+01   1.4058588e+01
   1.1825154e+01   1.2368874e+01   5.3854003e+00
  -6.6114966e+00   1.3245930e+01  -7.8960083e+00
   1.0385914e+00   1.2866272e+01  -1.1040626e+01
   5.3596290e+00   1.3396163e+01   1.2647587e+01
   1.2524565e+01   1.2821981e+01  -4.3094200e-01
   5.6541916e+00   1.3249748e+01   1.2492109e+01
   1.2224656e+01   1.3369546e+01  -2.0698297e+00
   1.2012856e+01   1.3307606e+01   4.8338632e+00
   1.2083989e+00   1.3554493e+01  -1.1038665e+01
   9.7794011e+00   1.3035889e+01  -6.8741501e+00
   1.1213722e+01   1.2968358e+01  -4.7229635e+00
   6.5782630e+00   1.3124704e+01   1.1941654e+01
   1.0379418e+01   1.3508596e+01  -6.0928102e+00
   1.2600783e+01   1.2577681e+01   6.3679197e-01
   1.2496548e+01   1.2115808e+01  -6.5728340e-01
   8.9435145e+00   1.1012765e+01  -7.7751908e+00
   6.3931586e+00   1.1448999e+01   1.2059948e+01
   3.1691639e+00   1.2720775e+01   1.3541364e+01
   1.2460552e+01   1.4052397e+01   2.9097247e+00
   1.1413797e+01   1.3785224e+01   6.3804184e+00
   1.0479274e+01   1.3094805e+01   8.0629376e+00
   2.5851939e+00   1.1950007e+01  -1.0926237e+01
   5.1790299e+00   1.3886467e+01   1.2738445e+01
  -4.8472858e+00   1.0088201e+01  -9.3328178e+00
   5.4927158e+00   1.2821335e+01  -1.0096432e+01
   9.4848994e+00   1.2988775e+01  -7.2133222e+00
   1.2206100e+01   1.2534476e+01   4.1572543e+00
   1.2386123e+01   1.2607700e+01   3.3465501e+00
   9.4701169e+00   1.2896677e+01  -7.2296805e+00
   1.9869968e+00   1.3149403e+01  -1.0996262e+01
   1.1484164e+01   1.2064795e+01   6.2257172e+00
   9.0035603e+00   1.2958334e+01  -7.7164352e+00
   1.1230558e+01   1.4423715e+01   6.7601755e+00
   1.1719316e+01   1.3339674e+01   5.6648291e+00
   5.2065050e+00   1.2015858e+01   1.2724837e+01
   4.5462601e+00   1.3496732e+01  -1.0460326e+01
   7.8240187e+00   1.2647525e+01  -8.7341439e+00
   1.2296771e+01   1.3504773e+01   3.7798168e+00
   4.2974773e+00   1.1727517e+01  -1.0540300e+01
   8.7693991e+00   1.0921765e+01  -7.9409439e+00
   1.2273029e+01   1.1992707e+01  -1.8721385e+00
   1.1440961e+01   1.1379585e+01  -4.2637656e+00
   1.0176717e+01   1.2068973e+01   8.5046059e+00
   8.4638148e+00   1.2436811e+01  -8.2161541e+00
   1.1757262e+01   1.5014985e+01   5.5668627e+00
   9.3758163e+00   1.2689328e+01  -7.3326148e+00
   5.9098093e+00   1.1834022e+01  -9.9043931e+00
  -3.3546608e-01   1.2868908e+01   1.4156885e+01
   1.2243396e+01   1.2320796e+01  -1.9949027e+00
   1.2018828e+01   1.3358858e+01  -2.7895602e+00
   9.1892822e+00   1.4075697e+01  -7.5292792e+00
   1.0763486e+01   1.4288849e+01  -5.5126252e+00
   7.4847663e+00   1.2003201e+01   1.1297624e+01
   8.3135688e+00   1.3434181e+01  -8.3445806e+00
   6.6141439e+00   1.3366956e+01  -9.5322382e+00
   1.0764833e+01   1.3001663e+01  -5.5104577e+00
  -9.1361387e-01   1.3054739e+01  -1.0873434e+01
   1.2426540e+01   1.0750134e+01   3.1207659e+00
   8.7966181e+00   1.1406992e+01  -7.9154752e+00
  -8.3387051e+00   1.2009549e+01   1.2152801e+01
   9.7460590e+00   1.0644060e+01   9.0736818e+00
   5.2454959e+00   1.2543541e+01  -1.0200878e+01
  -5.2160404e+00   1.1922802e+01   1.3534704e+01
   1.2507921e+01   1.1303995e+01  -5.6943023e-01
   8.9996983e+00   1.1851172e+01  -7.7202394e+00
   7.9998873e+00   1.1098867e+01  -8.5990836e+00
   1.2604435e+01   1.1896056e+01   8.0271313e-01
   1.2309317e+01   1.2407041e+01  -1.7137244e+00
   9.0910007e+00   1.3103821e+01   9.8321030e+00
   1.2578598e+01   1.3623783e+01   1.6790498e-01
   1.2605773e+01   1.2973943e+01   9.3372316e-01
   3.0061130e+00   1.2329530e+01  -1.0857207e+01
   7.4564064e+00   1.3072589e+01  -8.9999182e+00
   1.0497436e+01   1.2982610e+01  -5.9221647e+00
  -6.2586591e-03   1.3324285e+01   1.4137608e+01
  -2.8497738e+00   1.2717538e+01  -1.0341195e+01
   5.1229994e+00   1.1719644e+01  -1.0250120e+01
   1.0748490e+01   1.2534318e+01  -5.5367042e+00
   1.1613397e+01   1.2555988e+01  -3.8788093e+00
   1.1009435e+01   1.0958159e+01  -5.0984507e+00
   1.5192799e+00   1.2784584e+01  -1.1028317e+01
  -1.1360942e+01   1.3001116e+01   9.7893347e+00
   7.7022892e+00   1.2774521e+01   1.1125631e+01
  -4.8116283e+00   1.1626781e+01  -9.3557643e+00
   1.2182510e+01   1.4877548e+01  -2.2315298e+00
  -2.3733554e+00   1.1002604e+01   1.4105589e+01
   1.1731531e+01   1.2732347e+01   5.6335486e+00
   1.2315108e+01   1.1833380e+01   3.6967734e+00
   1.1606759e+01   1.2487041e+01   5.9425001e+00
   1.2165032e+01   1.0353026e+01  -2.2960780e+00
   5.9229075e+00   1.3682240e+01  -9.8980316e+00
   1.0132602e+01   1.4255898e+01   8.5659159e+00
  -9.5353146e+00   1.2455212e+01   1.1364959e+01
   6.9444082e-01   1.3177736e+01  -1.1036587e+01
   1.2445946e+01   1.2303132e+01   3.0031268e+00
   1.1377638e+01   1.3586940e+01   6.4578906e+00
   7.9840228e+00   1.3285935e+01   1.0891737e+01
   1.2597578e+01   1.1793295e+01   5.3827343e-01
   1.0676806e+01   1.2012207e+01   7.7522736e+00
  -6.6596528e+00   1.4462967e+01   1.3004399e+01
   1.2605892e+01   1.3361458e+01   9.6550163e-01
   1.1966839e+00   1.3353240e+01  -1.1038884e+01
  -2.3487889e+00   1.2394022e+01  -1.0516747e+01
   7.6233156e+00   1.3919811e+01  -8.8819419e+00
   1.0969680e+01   1.4792566e+01   7.2528117e+00
   1.0985844e+01   9.9516477e+00   7.2237123e+00
   1.0009515e+01   1.3349031e+01   8.7331730e+00
   1.0859816e+01   1.2378512e+01  -5.3548599e+00
  -1.3434273e+00   1.2780648e+01  -1.0788363e+01
   7.6290841e+00   1.3132946e+01   1.1184326e+01
   1.2573159e+01   1.2563987e+01   1.9061563e+00
   1.0228458e+01   1.3872663e+01  -6.3022765e+00
   8.8624018e+00   1.1989036e+01   1.0071472e+01
   1.1042450e+01   1.1174950e+01   7.1204048e+00
   9.6117156e+00   1.2667233e+01  -7.0704331e+00
   1.1435302e+01   1.0461704e+01   6.3337044e+00
   1.2507807e+01   1.0900643e+01   2.5692991e+00
   1.2457351e+01   1.1110768e+01  -9.2894494e-01
  -6.1623477e+00   1.1854508e+01  -8.3260012e+00
   5.3363607e+00   1.3401175e+01  -1.0163283e+01
   9.3547396e+00   1.1414215e+01  -7.3552918e+00
   6.7237621e+00   1.1572013e+01   1.1845674e+01
   1.2591959e+01   1.3412603e+01   4.0389227e-01
   1.2578839e+01   1.3500807e+01   1.8236396e+00
   8.0587415e+00   1.1480587e+01  -8.5526876e+00
   2.5181081e+00   1.3533819e+01  -1.0935723e+01
   1.1317532e+01   1.3155457e+01   6.5838238e+00
   1.0954981e+01   1.2570638e+01   7.2791255e+00
   8.7545844e+00   1.1017792e+01  -7.9547382e+00
   7.5943584e+00   1.1167188e+01  -8.9027257e+00
   7.7994880e+00   1.1127066e+01  -8.7525649e+00
   1.1618796e+01   1.3341903e+01  -3.8661557e+00
   8.4491337e+00   1.1947829e+01   1.0475784e+01
   1.2556698e+01   1.2974315e+01   2.1112409e+00
   1.4790851e+00   1.1899375e+01  -1.1030147e+01
   1.2567905e+01   1.1801877e+01   1.9475194e-02
   7.1948931e+00   1.1643279e+01   1.1515872e+01
   1.2464745e+01   1.1370067e+01   2.8820426e+00
   1.1490820e+01   1.3273288e+01   6.2108032e+00
   6.0428636e+00   1.2211185e+01   1.2272572e+01
   1.0882708e+01   1.3492933e+01  -5.3165541e+00
   1.1987782e+01   1.1876503e+01  -2.8854775e+00
   1.1947972e+01   1.2593412e+01  -3.0047117e+00
   1.2490590e+01   1.2422387e+01  -7.0145343e-01
   1.2157602e+01   1.1169810e+01  -2.3231044e+00
   1.2581520e+01   1.2124597e+01   2.1339310e-01
   6.0230824e+00   1.1662650e+01   1.2284153e+01
   2.8792054e+00   1.3263030e+01  -1.0879754e+01
   7.7389686e+00   1.2845647e+01  -8.7975828e+00
   9.5629938e+00   1.1629199e+01  -7.1258785e+00
   1.0923424e+01   1.2459630e+01  -5.2476156e+00
   7.2381474e+00   1.2918732e+01  -9.1477039e+00
   7.0150767e-01   1.1476862e+01  -1.1036778e+01
   1.1972887e+01   1.2732145e+01  -2.9305652e+00
   1.0041759e+01   1.2371146e+01  -6.5487976e+00
   1.2516962e+01   1.2507152e+01  -4.9582840e-01
   1.0494884e+01   1.2155889e+01  -5.9259226e+00
   1.2458969e+01   1.2129027e+01   2.9200680e+00
   6.9291898e+00   1.0921235e+01  -9.3449021e+00
   3.2809842e+00   1.3624737e+01  -1.0803188e+01
   1.2451864e+01   1.1441014e+01  -9.6389284e-01
   5.8606386e+00   1.3207941e+01   1.2377587e+01
   5.8314956e+00   1.0374859e+01  -9.9420021e+00
   1.2299420e+01   1.1651606e+01  -1.7578890e+00
   9.8758742e+00   1.0482600e+01   8.9087526e+00
   1.1285587e+01   1.4196296e+01  -4.5829280e+00
   9.3029499e+00   1.3222287e+01   9.5991406e+00
   1.1976094e+01   1.0925272e+01  -2.9209076e+00
   3.2256040e+00   1.1425352e+01   1.3523669e+01
  -6.6578743e+00   1.1786150e+01  -7.8485301e+00
   1.8123854e+00   1.3490156e+01  -1.1010549e+01
   1.1438219e+01   1.2407394e+01  -4.2696109e+00
   1.1851548e+01   1.3250619e+01   5.3125421e+00
   8.2541490e+00   1.2912385e+01   1.0654906e+01
   7.6552846e+00   1.2787032e+01   1.1163414e+01
   4.9654190e+00   1.2641398e+01   1.2841658e+01
   3.8610252e+00   1.2735867e+01   1.3305884e+01
   9.6882446e+00   1.2490498e+01   9.1454397e+00
   1.2399469e+01   1.2610112e+01   3.2745329e+00
   7.5736585e+00   1.3352368e+01  -8.9175009e+00
   1.0485309e+01   1.3939863e+01   8.0537240e+00
   1.0550176e+01   1.2944262e+01   7.9536196e+00
  -1.6191973e+00   1.1458821e+01  -1.0724171e+01
   1.2353292e+01   1.2051927e+01  -1.5075229e+00
   1.2352157e+01   1.2983628e+01   3.5203321e+00
   1.2071890e+01   1.2920490e+01   4.6414542e+00
   4.7374874e+00   1.3452414e+01  -1.0394520e+01
   1.0399206e+01   1.2404573e+01  -6.0646349e+00
   1.1392349e+01   1.2432645e+01   6.4265319e+00
   1.2480185e+01   1.2728288e+01   2.7763252e+00
   1.1565229e+01   1.3740171e+01  -3.9899978e+00
   1.2145384e+01   1.3470776e+01  -2.3670331e+00
   1.2477754e+01   1.3225845e+01  -7.9283159e-01
  -3.3486178e+00   1.1879689e+01  -1.0137822e+01
   1.2318879e+01   1.1227971e+01   3.6793638e+00
   4.2311173e+00   1.1635667e+01   1.3162834e+01
  -5.4802873e+00   1.2160751e+01  -8.8896168e+00
   1.2591062e+01   1.2795535e+01   3.8516707e-01
   1.2457524e+01   1.2755093e+01  -9.2782829e-01
   1.0223449e+01   1.2351174e+01   8.4388441e+00
   9.5933544e+00   1.3172997e+01  -7.0914097e+00
   1.1575734e+01   1.2112569e+01  -3.9660053e+00
   1.2152331e+01   1.1443093e+01   4.3601697e+00
   1.2348663e+01   1.4256436e+01  -1.5300637e+00
   6.8472836e+00   1.1194604e+01   1.1762064e+01
   4.0738174e+00   1.4546925e+01   1.3225130e+01
   1.0824423e+01   1.2162309e+01  -5.4134596e+00
   1.1865408e+01   1.3033303e+01   5.2737269e+00
   1.0140920e+01   1.1969731e+01  -6.4195143e+00
   5.1923487e+00   1.1128866e+01   1.2731858e+01
  -3.4073985e+00   1.2633173e+01  -1.0111893e+01
   8.5873605e+00   1.2673915e+01  -8.1072099e+00
  -1.5338441e+01   1.2281832e+01   2.5246626e+00
   1.1303333e+01   1.3162835e+01   6.6130760e+00
   9.7554162e+00   1.2628960e+01   9.0619714e+00
   8.9056500e+00   1.1418342e+01   1.0027089e+01
   1.1578258e+01   1.2843210e+01  -3.9602190e+00
   1.0973124e+01   1.2361134e+01  -5.1620228e+00
   1.2531230e+01   1.2972506e+01   2.3692043e+00
   1.2381398e+01   1.2228963e+01   3.3715102e+00
   1.2186071e+01   1.2875782e+01  -2.2182094e+00
  -4.3585879e+00   1.2063279e+01  -9.6301338e+00
   8.4433102e+00   1.2382025e+01   1.0481237e+01
   9.5539316e+00   1.1246692e+01  -7.1361151e+00
   8.5038055e+00   1.3110051e+01   1.0424269e+01
   1.2406159e+01   1.3831786e+01  -1.2331690e+00
   1.2440832e+01   1.2176057e+01  -1.0322797e+00
   9.6128784e+00   1.1898241e+01  -7.0691012e+00
  -9.4566403e-01   1.1501216e+01  -1.0867711e+01
